Frequency,DateTime,Pmin,Pmax,PathLength,XStart,YStart,XEnd,YEnd,ID,Start_Concat,End_Concat,Time,PowerTLTMmax[dBm],PowerTLTMmin[dBm]
37.912,201106090815,-54.0,-53.0,2.89575,5.0786,52.49999,5.04335,52.51464,ImjW-VUDJ,52.49999 5.0786,52.51464 5.04335,09/06/2011 08:15,5,3
37.912,201106090830,-54.0,-53.0,2.89575,5.0786,52.49999,5.04335,52.51464,ImjW-VUDJ,52.49999 5.0786,52.51464 5.04335,09/06/2011 08:30,5,3
37.912,201106090845,-54.0,-53.0,2.89575,5.0786,52.49999,5.04335,52.51464,ImjW-VUDJ,52.49999 5.0786,52.51464 5.04335,09/06/2011 08:45,5,3
37.912,201106090900,-54.0,-53.0,2.89575,5.0786,52.49999,5.04335,52.51464,ImjW-VUDJ,52.49999 5.0786,52.51464 5.04335,09/06/2011 09:00,5,3
37.912,201106090915,-54.0,-53.0,2.89575,5.0786,52.49999,5.04335,52.51464,ImjW-VUDJ,52.49999 5.0786,52.51464 5.04335,09/06/2011 09:15,5,3
37.912,201106090930,-54.0,-53.0,2.89575,5.0786,52.49999,5.04335,52.51464,ImjW-VUDJ,52.49999 5.0786,52.51464 5.04335,09/06/2011 09:30,5,3
37.912,201106090945,-54.0,-53.0,2.89575,5.0786,52.49999,5.04335,52.51464,ImjW-VUDJ,52.49999 5.0786,52.51464 5.04335,09/06/2011 09:45,5,3
37.912,201106091000,-54.0,-53.0,2.89575,5.0786,52.49999,5.04335,52.51464,ImjW-VUDJ,52.49999 5.0786,52.51464 5.04335,09/06/2011 10:00,5,3
37.912,201106091015,-54.0,-53.0,2.89575,5.0786,52.49999,5.04335,52.51464,ImjW-VUDJ,52.49999 5.0786,52.51464 5.04335,09/06/2011 10:15,5,3
37.912,201106091030,-54.0,-53.0,2.89575,5.0786,52.49999,5.04335,52.51464,ImjW-VUDJ,52.49999 5.0786,52.51464 5.04335,09/06/2011 10:30,5,3
37.912,201106091045,-54.0,-53.0,2.89575,5.0786,52.49999,5.04335,52.51464,ImjW-VUDJ,52.49999 5.0786,52.51464 5.04335,09/06/2011 10:45,5,3
37.912,201106091100,-54.0,-53.0,2.89575,5.0786,52.49999,5.04335,52.51464,ImjW-VUDJ,52.49999 5.0786,52.51464 5.04335,09/06/2011 11:00,5,3
37.912,201106091115,-54.0,-53.0,2.89575,5.0786,52.49999,5.04335,52.51464,ImjW-VUDJ,52.49999 5.0786,52.51464 5.04335,09/06/2011 11:15,5,3
37.912,201106091130,-54.0,-53.0,2.89575,5.0786,52.49999,5.04335,52.51464,ImjW-VUDJ,52.49999 5.0786,52.51464 5.04335,09/06/2011 11:30,5,3
37.912,201106091145,-54.0,-53.0,2.89575,5.0786,52.49999,5.04335,52.51464,ImjW-VUDJ,52.49999 5.0786,52.51464 5.04335,09/06/2011 11:45,5,3
37.912,201106091200,-54.0,-53.0,2.89575,5.0786,52.49999,5.04335,52.51464,ImjW-VUDJ,52.49999 5.0786,52.51464 5.04335,09/06/2011 12:00,5,3
37.912,201106091215,-54.0,-53.0,2.89575,5.0786,52.49999,5.04335,52.51464,ImjW-VUDJ,52.49999 5.0786,52.51464 5.04335,09/06/2011 12:15,5,3
37.912,201106091230,-54.0,-53.0,2.89575,5.0786,52.49999,5.04335,52.51464,ImjW-VUDJ,52.49999 5.0786,52.51464 5.04335,09/06/2011 12:30,5,3
37.912,201106091245,-54.0,-53.0,2.89575,5.0786,52.49999,5.04335,52.51464,ImjW-VUDJ,52.49999 5.0786,52.51464 5.04335,09/06/2011 12:45,5,3
37.912,201106091300,-54.0,-53.0,2.89575,5.0786,52.49999,5.04335,52.51464,ImjW-VUDJ,52.49999 5.0786,52.51464 5.04335,09/06/2011 13:00,5,3
37.912,201106091315,-54.0,-53.0,2.89575,5.0786,52.49999,5.04335,52.51464,ImjW-VUDJ,52.49999 5.0786,52.51464 5.04335,09/06/2011 13:15,5,3
37.912,201106091330,-54.0,-53.0,2.89575,5.0786,52.49999,5.04335,52.51464,ImjW-VUDJ,52.49999 5.0786,52.51464 5.04335,09/06/2011 13:30,5,3
37.912,201106091345,-54.0,-53.0,2.89575,5.0786,52.49999,5.04335,52.51464,ImjW-VUDJ,52.49999 5.0786,52.51464 5.04335,09/06/2011 13:45,5,3
37.912,201106091400,-54.0,-53.0,2.89575,5.0786,52.49999,5.04335,52.51464,ImjW-VUDJ,52.49999 5.0786,52.51464 5.04335,09/06/2011 14:00,5,3
37.912,201106091415,-54.0,-53.0,2.89575,5.0786,52.49999,5.04335,52.51464,ImjW-VUDJ,52.49999 5.0786,52.51464 5.04335,09/06/2011 14:15,5,3
37.912,201106091430,-54.0,-53.0,2.89575,5.0786,52.49999,5.04335,52.51464,ImjW-VUDJ,52.49999 5.0786,52.51464 5.04335,09/06/2011 14:30,5,3
37.912,201106091445,-54.0,-53.0,2.89575,5.0786,52.49999,5.04335,52.51464,ImjW-VUDJ,52.49999 5.0786,52.51464 5.04335,09/06/2011 14:45,5,3
37.912,201106091500,-54.0,-53.0,2.89575,5.0786,52.49999,5.04335,52.51464,ImjW-VUDJ,52.49999 5.0786,52.51464 5.04335,09/06/2011 15:00,5,3
37.912,201106091515,-54.0,-53.0,2.89575,5.0786,52.49999,5.04335,52.51464,ImjW-VUDJ,52.49999 5.0786,52.51464 5.04335,09/06/2011 15:15,5,3
37.912,201106091530,-54.0,-53.0,2.89575,5.0786,52.49999,5.04335,52.51464,ImjW-VUDJ,52.49999 5.0786,52.51464 5.04335,09/06/2011 15:30,5,3
37.912,201106091545,-54.0,-53.0,2.89575,5.0786,52.49999,5.04335,52.51464,ImjW-VUDJ,52.49999 5.0786,52.51464 5.04335,09/06/2011 15:45,5,3
37.912,201106091600,-54.0,-53.0,2.89575,5.0786,52.49999,5.04335,52.51464,ImjW-VUDJ,52.49999 5.0786,52.51464 5.04335,09/06/2011 16:00,5,3
37.912,201106091630,-54.0,-53.0,2.89575,5.0786,52.49999,5.04335,52.51464,ImjW-VUDJ,52.49999 5.0786,52.51464 5.04335,09/06/2011 16:30,5,3
37.912,201106091645,-54.0,-53.0,2.89575,5.0786,52.49999,5.04335,52.51464,ImjW-VUDJ,52.49999 5.0786,52.51464 5.04335,09/06/2011 16:45,5,3
37.912,201106091700,-54.0,-53.0,2.89575,5.0786,52.49999,5.04335,52.51464,ImjW-VUDJ,52.49999 5.0786,52.51464 5.04335,09/06/2011 17:00,5,3
37.912,201106091715,-54.0,-53.0,2.89575,5.0786,52.49999,5.04335,52.51464,ImjW-VUDJ,52.49999 5.0786,52.51464 5.04335,09/06/2011 17:15,5,3
37.912,201106091730,-54.0,-53.0,2.89575,5.0786,52.49999,5.04335,52.51464,ImjW-VUDJ,52.49999 5.0786,52.51464 5.04335,09/06/2011 17:30,5,3
37.912,201106091745,-54.0,-53.0,2.89575,5.0786,52.49999,5.04335,52.51464,ImjW-VUDJ,52.49999 5.0786,52.51464 5.04335,09/06/2011 17:45,5,3
37.912,201106091800,-54.0,-53.0,2.89575,5.0786,52.49999,5.04335,52.51464,ImjW-VUDJ,52.49999 5.0786,52.51464 5.04335,09/06/2011 18:00,5,3
37.912,201106091815,-54.0,-53.0,2.89575,5.0786,52.49999,5.04335,52.51464,ImjW-VUDJ,52.49999 5.0786,52.51464 5.04335,09/06/2011 18:15,5,3
37.912,201106091830,-54.0,-53.0,2.89575,5.0786,52.49999,5.04335,52.51464,ImjW-VUDJ,52.49999 5.0786,52.51464 5.04335,09/06/2011 18:30,5,3
37.912,201106091845,-54.0,-53.0,2.89575,5.0786,52.49999,5.04335,52.51464,ImjW-VUDJ,52.49999 5.0786,52.51464 5.04335,09/06/2011 18:45,5,3
37.912,201106091900,-54.0,-53.0,2.89575,5.0786,52.49999,5.04335,52.51464,ImjW-VUDJ,52.49999 5.0786,52.51464 5.04335,09/06/2011 19:00,5,3
37.912,201106091915,-54.0,-53.0,2.89575,5.0786,52.49999,5.04335,52.51464,ImjW-VUDJ,52.49999 5.0786,52.51464 5.04335,09/06/2011 19:15,5,3
37.912,201106091930,-54.0,-53.0,2.89575,5.0786,52.49999,5.04335,52.51464,ImjW-VUDJ,52.49999 5.0786,52.51464 5.04335,09/06/2011 19:30,5,3
37.912,201106091945,-54.0,-53.0,2.89575,5.0786,52.49999,5.04335,52.51464,ImjW-VUDJ,52.49999 5.0786,52.51464 5.04335,09/06/2011 19:45,5,3
37.912,201106092000,-54.0,-53.0,2.89575,5.0786,52.49999,5.04335,52.51464,ImjW-VUDJ,52.49999 5.0786,52.51464 5.04335,09/06/2011 20:00,5,3
37.912,201106092015,-54.0,-54.0,2.89575,5.0786,52.49999,5.04335,52.51464,ImjW-VUDJ,52.49999 5.0786,52.51464 5.04335,09/06/2011 20:15,5,3
37.912,201106092030,-54.0,-54.0,2.89575,5.0786,52.49999,5.04335,52.51464,ImjW-VUDJ,52.49999 5.0786,52.51464 5.04335,09/06/2011 20:30,5,3
37.912,201106092045,-54.0,-54.0,2.89575,5.0786,52.49999,5.04335,52.51464,ImjW-VUDJ,52.49999 5.0786,52.51464 5.04335,09/06/2011 20:45,5,3
37.912,201106092100,-54.0,-54.0,2.89575,5.0786,52.49999,5.04335,52.51464,ImjW-VUDJ,52.49999 5.0786,52.51464 5.04335,09/06/2011 21:00,5,3
37.912,201106092115,-54.0,-54.0,2.89575,5.0786,52.49999,5.04335,52.51464,ImjW-VUDJ,52.49999 5.0786,52.51464 5.04335,09/06/2011 21:15,5,3
37.912,201106092130,-54.0,-54.0,2.89575,5.0786,52.49999,5.04335,52.51464,ImjW-VUDJ,52.49999 5.0786,52.51464 5.04335,09/06/2011 21:30,5,3
37.912,201106092145,-54.0,-54.0,2.89575,5.0786,52.49999,5.04335,52.51464,ImjW-VUDJ,52.49999 5.0786,52.51464 5.04335,09/06/2011 21:45,5,3
37.912,201106092200,-54.0,-54.0,2.89575,5.0786,52.49999,5.04335,52.51464,ImjW-VUDJ,52.49999 5.0786,52.51464 5.04335,09/06/2011 22:00,5,3
37.912,201106092215,-54.0,-54.0,2.89575,5.0786,52.49999,5.04335,52.51464,ImjW-VUDJ,52.49999 5.0786,52.51464 5.04335,09/06/2011 22:15,5,3
37.912,201106092230,-54.0,-54.0,2.89575,5.0786,52.49999,5.04335,52.51464,ImjW-VUDJ,52.49999 5.0786,52.51464 5.04335,09/06/2011 22:30,5,3
37.912,201106092245,-54.0,-54.0,2.89575,5.0786,52.49999,5.04335,52.51464,ImjW-VUDJ,52.49999 5.0786,52.51464 5.04335,09/06/2011 22:45,5,3
37.912,201106092300,-54.0,-54.0,2.89575,5.0786,52.49999,5.04335,52.51464,ImjW-VUDJ,52.49999 5.0786,52.51464 5.04335,09/06/2011 23:00,5,3
37.912,201106092315,-54.0,-54.0,2.89575,5.0786,52.49999,5.04335,52.51464,ImjW-VUDJ,52.49999 5.0786,52.51464 5.04335,09/06/2011 23:15,5,3
37.912,201106092330,-54.0,-54.0,2.89575,5.0786,52.49999,5.04335,52.51464,ImjW-VUDJ,52.49999 5.0786,52.51464 5.04335,09/06/2011 23:30,5,3
37.912,201106092345,-54.0,-54.0,2.89575,5.0786,52.49999,5.04335,52.51464,ImjW-VUDJ,52.49999 5.0786,52.51464 5.04335,09/06/2011 23:45,5,3
37.912,201106100000,-54.0,-54.0,2.89575,5.0786,52.49999,5.04335,52.51464,ImjW-VUDJ,52.49999 5.0786,52.51464 5.04335,10/06/2011 00:00,5,3
37.912,201106100015,-54.0,-54.0,2.89575,5.0786,52.49999,5.04335,52.51464,ImjW-VUDJ,52.49999 5.0786,52.51464 5.04335,10/06/2011 00:15,5,3
37.912,201106100030,-54.0,-54.0,2.89575,5.0786,52.49999,5.04335,52.51464,ImjW-VUDJ,52.49999 5.0786,52.51464 5.04335,10/06/2011 00:30,5,3
37.912,201106100045,-54.0,-54.0,2.89575,5.0786,52.49999,5.04335,52.51464,ImjW-VUDJ,52.49999 5.0786,52.51464 5.04335,10/06/2011 00:45,5,3
37.912,201106100100,-54.0,-54.0,2.89575,5.0786,52.49999,5.04335,52.51464,ImjW-VUDJ,52.49999 5.0786,52.51464 5.04335,10/06/2011 01:00,5,3
37.912,201106100115,-54.0,-54.0,2.89575,5.0786,52.49999,5.04335,52.51464,ImjW-VUDJ,52.49999 5.0786,52.51464 5.04335,10/06/2011 01:15,5,3
37.912,201106100130,-54.0,-54.0,2.89575,5.0786,52.49999,5.04335,52.51464,ImjW-VUDJ,52.49999 5.0786,52.51464 5.04335,10/06/2011 01:30,5,3
37.912,201106100145,-54.0,-54.0,2.89575,5.0786,52.49999,5.04335,52.51464,ImjW-VUDJ,52.49999 5.0786,52.51464 5.04335,10/06/2011 01:45,5,3
37.912,201106100200,-54.0,-54.0,2.89575,5.0786,52.49999,5.04335,52.51464,ImjW-VUDJ,52.49999 5.0786,52.51464 5.04335,10/06/2011 02:00,5,3
37.912,201106100215,-54.0,-54.0,2.89575,5.0786,52.49999,5.04335,52.51464,ImjW-VUDJ,52.49999 5.0786,52.51464 5.04335,10/06/2011 02:15,5,3
37.912,201106100230,-54.0,-54.0,2.89575,5.0786,52.49999,5.04335,52.51464,ImjW-VUDJ,52.49999 5.0786,52.51464 5.04335,10/06/2011 02:30,5,3
37.912,201106100245,-54.0,-54.0,2.89575,5.0786,52.49999,5.04335,52.51464,ImjW-VUDJ,52.49999 5.0786,52.51464 5.04335,10/06/2011 02:45,5,3
37.912,201106100300,-54.0,-54.0,2.89575,5.0786,52.49999,5.04335,52.51464,ImjW-VUDJ,52.49999 5.0786,52.51464 5.04335,10/06/2011 03:00,5,3
37.912,201106100315,-54.0,-54.0,2.89575,5.0786,52.49999,5.04335,52.51464,ImjW-VUDJ,52.49999 5.0786,52.51464 5.04335,10/06/2011 03:15,5,3
37.912,201106100330,-54.0,-54.0,2.89575,5.0786,52.49999,5.04335,52.51464,ImjW-VUDJ,52.49999 5.0786,52.51464 5.04335,10/06/2011 03:30,5,3
37.912,201106100345,-54.0,-54.0,2.89575,5.0786,52.49999,5.04335,52.51464,ImjW-VUDJ,52.49999 5.0786,52.51464 5.04335,10/06/2011 03:45,5,3
37.912,201106100400,-54.0,-54.0,2.89575,5.0786,52.49999,5.04335,52.51464,ImjW-VUDJ,52.49999 5.0786,52.51464 5.04335,10/06/2011 04:00,5,3
37.912,201106100415,-54.0,-54.0,2.89575,5.0786,52.49999,5.04335,52.51464,ImjW-VUDJ,52.49999 5.0786,52.51464 5.04335,10/06/2011 04:15,5,3
37.912,201106100430,-54.0,-54.0,2.89575,5.0786,52.49999,5.04335,52.51464,ImjW-VUDJ,52.49999 5.0786,52.51464 5.04335,10/06/2011 04:30,5,3
37.912,201106100445,-54.0,-53.0,2.89575,5.0786,52.49999,5.04335,52.51464,ImjW-VUDJ,52.49999 5.0786,52.51464 5.04335,10/06/2011 04:45,5,3
37.912,201106100500,-54.0,-53.0,2.89575,5.0786,52.49999,5.04335,52.51464,ImjW-VUDJ,52.49999 5.0786,52.51464 5.04335,10/06/2011 05:00,5,3
37.912,201106100515,-54.0,-53.0,2.89575,5.0786,52.49999,5.04335,52.51464,ImjW-VUDJ,52.49999 5.0786,52.51464 5.04335,10/06/2011 05:15,5,3
37.912,201106100530,-54.0,-54.0,2.89575,5.0786,52.49999,5.04335,52.51464,ImjW-VUDJ,52.49999 5.0786,52.51464 5.04335,10/06/2011 05:30,5,3
37.912,201106100545,-54.0,-54.0,2.89575,5.0786,52.49999,5.04335,52.51464,ImjW-VUDJ,52.49999 5.0786,52.51464 5.04335,10/06/2011 05:45,5,3
37.912,201106100600,-54.0,-53.0,2.89575,5.0786,52.49999,5.04335,52.51464,ImjW-VUDJ,52.49999 5.0786,52.51464 5.04335,10/06/2011 06:00,5,3
37.912,201106100615,-54.0,-53.0,2.89575,5.0786,52.49999,5.04335,52.51464,ImjW-VUDJ,52.49999 5.0786,52.51464 5.04335,10/06/2011 06:15,5,3
37.912,201106100630,-54.0,-53.0,2.89575,5.0786,52.49999,5.04335,52.51464,ImjW-VUDJ,52.49999 5.0786,52.51464 5.04335,10/06/2011 06:30,5,3
37.912,201106100645,-54.0,-53.0,2.89575,5.0786,52.49999,5.04335,52.51464,ImjW-VUDJ,52.49999 5.0786,52.51464 5.04335,10/06/2011 06:45,5,3
37.912,201106100700,-54.0,-53.0,2.89575,5.0786,52.49999,5.04335,52.51464,ImjW-VUDJ,52.49999 5.0786,52.51464 5.04335,10/06/2011 07:00,5,3
37.912,201106100715,-54.0,-53.0,2.89575,5.0786,52.49999,5.04335,52.51464,ImjW-VUDJ,52.49999 5.0786,52.51464 5.04335,10/06/2011 07:15,5,3
37.912,201106100730,-54.0,-53.0,2.89575,5.0786,52.49999,5.04335,52.51464,ImjW-VUDJ,52.49999 5.0786,52.51464 5.04335,10/06/2011 07:30,5,3
37.912,201106100745,-54.0,-53.0,2.89575,5.0786,52.49999,5.04335,52.51464,ImjW-VUDJ,52.49999 5.0786,52.51464 5.04335,10/06/2011 07:45,5,3
37.912,201106100800,-54.0,-53.0,2.89575,5.0786,52.49999,5.04335,52.51464,ImjW-VUDJ,52.49999 5.0786,52.51464 5.04335,10/06/2011 08:00,5,3
37.912,201106100815,-54.0,-53.0,2.89575,5.0786,52.49999,5.04335,52.51464,ImjW-VUDJ,52.49999 5.0786,52.51464 5.04335,10/06/2011 08:15,5,3
37.912,201106100830,-54.0,-53.0,2.89575,5.0786,52.49999,5.04335,52.51464,ImjW-VUDJ,52.49999 5.0786,52.51464 5.04335,10/06/2011 08:30,5,3
37.912,201106100845,-54.0,-53.0,2.89575,5.0786,52.49999,5.04335,52.51464,ImjW-VUDJ,52.49999 5.0786,52.51464 5.04335,10/06/2011 08:45,5,3
37.912,201106100900,-54.0,-53.0,2.89575,5.0786,52.49999,5.04335,52.51464,ImjW-VUDJ,52.49999 5.0786,52.51464 5.04335,10/06/2011 09:00,5,3
37.912,201106100915,-54.0,-53.0,2.89575,5.0786,52.49999,5.04335,52.51464,ImjW-VUDJ,52.49999 5.0786,52.51464 5.04335,10/06/2011 09:15,5,3
37.912,201106100930,-53.0,-53.0,2.89575,5.0786,52.49999,5.04335,52.51464,ImjW-VUDJ,52.49999 5.0786,52.51464 5.04335,10/06/2011 09:30,5,3
37.912,201106100945,-54.0,-53.0,2.89575,5.0786,52.49999,5.04335,52.51464,ImjW-VUDJ,52.49999 5.0786,52.51464 5.04335,10/06/2011 09:45,5,3
37.912,201106101000,-53.0,-53.0,2.89575,5.0786,52.49999,5.04335,52.51464,ImjW-VUDJ,52.49999 5.0786,52.51464 5.04335,10/06/2011 10:00,5,3
37.912,201106101015,-54.0,-53.0,2.89575,5.0786,52.49999,5.04335,52.51464,ImjW-VUDJ,52.49999 5.0786,52.51464 5.04335,10/06/2011 10:15,5,3
37.912,201106101030,-53.0,-53.0,2.89575,5.0786,52.49999,5.04335,52.51464,ImjW-VUDJ,52.49999 5.0786,52.51464 5.04335,10/06/2011 10:30,5,3
37.912,201106101045,-54.0,-53.0,2.89575,5.0786,52.49999,5.04335,52.51464,ImjW-VUDJ,52.49999 5.0786,52.51464 5.04335,10/06/2011 10:45,5,3
37.912,201106101100,-54.0,-53.0,2.89575,5.0786,52.49999,5.04335,52.51464,ImjW-VUDJ,52.49999 5.0786,52.51464 5.04335,10/06/2011 11:00,5,3
37.912,201106101115,-54.0,-53.0,2.89575,5.0786,52.49999,5.04335,52.51464,ImjW-VUDJ,52.49999 5.0786,52.51464 5.04335,10/06/2011 11:15,5,3
37.912,201106101130,-54.0,-53.0,2.89575,5.0786,52.49999,5.04335,52.51464,ImjW-VUDJ,52.49999 5.0786,52.51464 5.04335,10/06/2011 11:30,5,3
37.912,201106101145,-54.0,-52.0,2.89575,5.0786,52.49999,5.04335,52.51464,ImjW-VUDJ,52.49999 5.0786,52.51464 5.04335,10/06/2011 11:45,5,3
37.912,201106101200,-54.0,-53.0,2.89575,5.0786,52.49999,5.04335,52.51464,ImjW-VUDJ,52.49999 5.0786,52.51464 5.04335,10/06/2011 12:00,5,3
37.912,201106101215,-54.0,-53.0,2.89575,5.0786,52.49999,5.04335,52.51464,ImjW-VUDJ,52.49999 5.0786,52.51464 5.04335,10/06/2011 12:15,5,3
37.912,201106101230,-54.0,-53.0,2.89575,5.0786,52.49999,5.04335,52.51464,ImjW-VUDJ,52.49999 5.0786,52.51464 5.04335,10/06/2011 12:30,5,3
37.912,201106101245,-54.0,-53.0,2.89575,5.0786,52.49999,5.04335,52.51464,ImjW-VUDJ,52.49999 5.0786,52.51464 5.04335,10/06/2011 12:45,5,3
37.912,201106101300,-54.0,-53.0,2.89575,5.0786,52.49999,5.04335,52.51464,ImjW-VUDJ,52.49999 5.0786,52.51464 5.04335,10/06/2011 13:00,5,3
37.912,201106101315,-54.0,-53.0,2.89575,5.0786,52.49999,5.04335,52.51464,ImjW-VUDJ,52.49999 5.0786,52.51464 5.04335,10/06/2011 13:15,5,3
37.912,201106101330,-53.0,-53.0,2.89575,5.0786,52.49999,5.04335,52.51464,ImjW-VUDJ,52.49999 5.0786,52.51464 5.04335,10/06/2011 13:30,5,3
37.912,201106101345,-54.0,-53.0,2.89575,5.0786,52.49999,5.04335,52.51464,ImjW-VUDJ,52.49999 5.0786,52.51464 5.04335,10/06/2011 13:45,5,3
37.912,201106101400,-54.0,-53.0,2.89575,5.0786,52.49999,5.04335,52.51464,ImjW-VUDJ,52.49999 5.0786,52.51464 5.04335,10/06/2011 14:00,5,3
37.912,201106101415,-54.0,-53.0,2.89575,5.0786,52.49999,5.04335,52.51464,ImjW-VUDJ,52.49999 5.0786,52.51464 5.04335,10/06/2011 14:15,5,3
37.912,201106101430,-54.0,-53.0,2.89575,5.0786,52.49999,5.04335,52.51464,ImjW-VUDJ,52.49999 5.0786,52.51464 5.04335,10/06/2011 14:30,5,3
37.912,201106101445,-54.0,-53.0,2.89575,5.0786,52.49999,5.04335,52.51464,ImjW-VUDJ,52.49999 5.0786,52.51464 5.04335,10/06/2011 14:45,5,3
37.912,201106101500,-54.0,-53.0,2.89575,5.0786,52.49999,5.04335,52.51464,ImjW-VUDJ,52.49999 5.0786,52.51464 5.04335,10/06/2011 15:00,5,3
37.912,201106101515,-54.0,-53.0,2.89575,5.0786,52.49999,5.04335,52.51464,ImjW-VUDJ,52.49999 5.0786,52.51464 5.04335,10/06/2011 15:15,5,3
37.912,201106101530,-54.0,-53.0,2.89575,5.0786,52.49999,5.04335,52.51464,ImjW-VUDJ,52.49999 5.0786,52.51464 5.04335,10/06/2011 15:30,5,3
37.912,201106101545,-54.0,-53.0,2.89575,5.0786,52.49999,5.04335,52.51464,ImjW-VUDJ,52.49999 5.0786,52.51464 5.04335,10/06/2011 15:45,5,3
37.912,201106101600,-54.0,-53.0,2.89575,5.0786,52.49999,5.04335,52.51464,ImjW-VUDJ,52.49999 5.0786,52.51464 5.04335,10/06/2011 16:00,5,3
37.912,201106101630,-54.0,-53.0,2.89575,5.0786,52.49999,5.04335,52.51464,ImjW-VUDJ,52.49999 5.0786,52.51464 5.04335,10/06/2011 16:30,5,3
37.912,201106101645,-54.0,-53.0,2.89575,5.0786,52.49999,5.04335,52.51464,ImjW-VUDJ,52.49999 5.0786,52.51464 5.04335,10/06/2011 16:45,5,3
37.912,201106101700,-54.0,-53.0,2.89575,5.0786,52.49999,5.04335,52.51464,ImjW-VUDJ,52.49999 5.0786,52.51464 5.04335,10/06/2011 17:00,5,3
37.912,201106101715,-54.0,-53.0,2.89575,5.0786,52.49999,5.04335,52.51464,ImjW-VUDJ,52.49999 5.0786,52.51464 5.04335,10/06/2011 17:15,5,3
37.912,201106101730,-54.0,-53.0,2.89575,5.0786,52.49999,5.04335,52.51464,ImjW-VUDJ,52.49999 5.0786,52.51464 5.04335,10/06/2011 17:30,5,3
37.912,201106101745,-54.0,-53.0,2.89575,5.0786,52.49999,5.04335,52.51464,ImjW-VUDJ,52.49999 5.0786,52.51464 5.04335,10/06/2011 17:45,5,3
37.912,201106101800,-54.0,-53.0,2.89575,5.0786,52.49999,5.04335,52.51464,ImjW-VUDJ,52.49999 5.0786,52.51464 5.04335,10/06/2011 18:00,5,3
37.912,201106101815,-58.0,-54.0,2.89575,5.0786,52.49999,5.04335,52.51464,ImjW-VUDJ,52.49999 5.0786,52.51464 5.04335,10/06/2011 18:15,5,3
37.912,201106101830,-61.0,-56.0,2.89575,5.0786,52.49999,5.04335,52.51464,ImjW-VUDJ,52.49999 5.0786,52.51464 5.04335,10/06/2011 18:30,5,3
37.912,201106101845,-57.0,-56.0,2.89575,5.0786,52.49999,5.04335,52.51464,ImjW-VUDJ,52.49999 5.0786,52.51464 5.04335,10/06/2011 18:45,5,3
37.912,201106101900,-56.0,-55.0,2.89575,5.0786,52.49999,5.04335,52.51464,ImjW-VUDJ,52.49999 5.0786,52.51464 5.04335,10/06/2011 19:00,5,3
37.912,201106101915,-56.0,-55.0,2.89575,5.0786,52.49999,5.04335,52.51464,ImjW-VUDJ,52.49999 5.0786,52.51464 5.04335,10/06/2011 19:15,5,3
37.912,201106101930,-55.0,-54.0,2.89575,5.0786,52.49999,5.04335,52.51464,ImjW-VUDJ,52.49999 5.0786,52.51464 5.04335,10/06/2011 19:30,5,3
37.912,201106101945,-55.0,-54.0,2.89575,5.0786,52.49999,5.04335,52.51464,ImjW-VUDJ,52.49999 5.0786,52.51464 5.04335,10/06/2011 19:45,5,3
37.912,201106102000,-56.0,-55.0,2.89575,5.0786,52.49999,5.04335,52.51464,ImjW-VUDJ,52.49999 5.0786,52.51464 5.04335,10/06/2011 20:00,5,3
37.912,201106102015,-56.0,-55.0,2.89575,5.0786,52.49999,5.04335,52.51464,ImjW-VUDJ,52.49999 5.0786,52.51464 5.04335,10/06/2011 20:15,5,3
37.912,201106102030,-56.0,-55.0,2.89575,5.0786,52.49999,5.04335,52.51464,ImjW-VUDJ,52.49999 5.0786,52.51464 5.04335,10/06/2011 20:30,5,3
37.912,201106102045,-55.0,-54.0,2.89575,5.0786,52.49999,5.04335,52.51464,ImjW-VUDJ,52.49999 5.0786,52.51464 5.04335,10/06/2011 20:45,5,3
37.912,201106102100,-55.0,-54.0,2.89575,5.0786,52.49999,5.04335,52.51464,ImjW-VUDJ,52.49999 5.0786,52.51464 5.04335,10/06/2011 21:00,5,3
37.912,201106102115,-55.0,-54.0,2.89575,5.0786,52.49999,5.04335,52.51464,ImjW-VUDJ,52.49999 5.0786,52.51464 5.04335,10/06/2011 21:15,5,3
37.912,201106102130,-54.0,-54.0,2.89575,5.0786,52.49999,5.04335,52.51464,ImjW-VUDJ,52.49999 5.0786,52.51464 5.04335,10/06/2011 21:30,5,3
37.912,201106102145,-54.0,-54.0,2.89575,5.0786,52.49999,5.04335,52.51464,ImjW-VUDJ,52.49999 5.0786,52.51464 5.04335,10/06/2011 21:45,5,3
37.912,201106102200,-54.0,-54.0,2.89575,5.0786,52.49999,5.04335,52.51464,ImjW-VUDJ,52.49999 5.0786,52.51464 5.04335,10/06/2011 22:00,5,3
37.912,201106102215,-62.0,-54.0,2.89575,5.0786,52.49999,5.04335,52.51464,ImjW-VUDJ,52.49999 5.0786,52.51464 5.04335,10/06/2011 22:15,5,3
37.912,201106102230,-59.0,-56.0,2.89575,5.0786,52.49999,5.04335,52.51464,ImjW-VUDJ,52.49999 5.0786,52.51464 5.04335,10/06/2011 22:30,5,3
37.912,201106102245,-56.0,-54.0,2.89575,5.0786,52.49999,5.04335,52.51464,ImjW-VUDJ,52.49999 5.0786,52.51464 5.04335,10/06/2011 22:45,5,3
37.912,201106102300,-55.0,-54.0,2.89575,5.0786,52.49999,5.04335,52.51464,ImjW-VUDJ,52.49999 5.0786,52.51464 5.04335,10/06/2011 23:00,5,3
37.912,201106102315,-55.0,-54.0,2.89575,5.0786,52.49999,5.04335,52.51464,ImjW-VUDJ,52.49999 5.0786,52.51464 5.04335,10/06/2011 23:15,5,3
37.912,201106102330,-55.0,-54.0,2.89575,5.0786,52.49999,5.04335,52.51464,ImjW-VUDJ,52.49999 5.0786,52.51464 5.04335,10/06/2011 23:30,5,3
37.912,201106102345,-54.0,-54.0,2.89575,5.0786,52.49999,5.04335,52.51464,ImjW-VUDJ,52.49999 5.0786,52.51464 5.04335,10/06/2011 23:45,5,3
37.912,201106110000,-54.0,-54.0,2.89575,5.0786,52.49999,5.04335,52.51464,ImjW-VUDJ,52.49999 5.0786,52.51464 5.04335,11/06/2011 00:00,5,3
37.912,201106110015,-55.0,-54.0,2.89575,5.0786,52.49999,5.04335,52.51464,ImjW-VUDJ,52.49999 5.0786,52.51464 5.04335,11/06/2011 00:15,5,3
37.912,201106110030,-55.0,-54.0,2.89575,5.0786,52.49999,5.04335,52.51464,ImjW-VUDJ,52.49999 5.0786,52.51464 5.04335,11/06/2011 00:30,5,3
37.912,201106110045,-54.0,-54.0,2.89575,5.0786,52.49999,5.04335,52.51464,ImjW-VUDJ,52.49999 5.0786,52.51464 5.04335,11/06/2011 00:45,5,3
37.912,201106110100,-54.0,-54.0,2.89575,5.0786,52.49999,5.04335,52.51464,ImjW-VUDJ,52.49999 5.0786,52.51464 5.04335,11/06/2011 01:00,5,3
37.912,201106110115,-54.0,-54.0,2.89575,5.0786,52.49999,5.04335,52.51464,ImjW-VUDJ,52.49999 5.0786,52.51464 5.04335,11/06/2011 01:15,5,3
37.912,201106110130,-54.0,-54.0,2.89575,5.0786,52.49999,5.04335,52.51464,ImjW-VUDJ,52.49999 5.0786,52.51464 5.04335,11/06/2011 01:30,5,3
37.912,201106110145,-55.0,-54.0,2.89575,5.0786,52.49999,5.04335,52.51464,ImjW-VUDJ,52.49999 5.0786,52.51464 5.04335,11/06/2011 01:45,5,3
37.912,201106110200,-54.0,-54.0,2.89575,5.0786,52.49999,5.04335,52.51464,ImjW-VUDJ,52.49999 5.0786,52.51464 5.04335,11/06/2011 02:00,5,3
37.912,201106110215,-54.0,-54.0,2.89575,5.0786,52.49999,5.04335,52.51464,ImjW-VUDJ,52.49999 5.0786,52.51464 5.04335,11/06/2011 02:15,5,3
37.912,201106110230,-55.0,-54.0,2.89575,5.0786,52.49999,5.04335,52.51464,ImjW-VUDJ,52.49999 5.0786,52.51464 5.04335,11/06/2011 02:30,5,3
37.912,201106110245,-55.0,-54.0,2.89575,5.0786,52.49999,5.04335,52.51464,ImjW-VUDJ,52.49999 5.0786,52.51464 5.04335,11/06/2011 02:45,5,3
37.912,201106110300,-55.0,-54.0,2.89575,5.0786,52.49999,5.04335,52.51464,ImjW-VUDJ,52.49999 5.0786,52.51464 5.04335,11/06/2011 03:00,5,3
37.912,201106110315,-55.0,-54.0,2.89575,5.0786,52.49999,5.04335,52.51464,ImjW-VUDJ,52.49999 5.0786,52.51464 5.04335,11/06/2011 03:15,5,3
37.912,201106110330,-55.0,-54.0,2.89575,5.0786,52.49999,5.04335,52.51464,ImjW-VUDJ,52.49999 5.0786,52.51464 5.04335,11/06/2011 03:30,5,3
37.912,201106110345,-55.0,-54.0,2.89575,5.0786,52.49999,5.04335,52.51464,ImjW-VUDJ,52.49999 5.0786,52.51464 5.04335,11/06/2011 03:45,5,3
37.912,201106110400,-55.0,-54.0,2.89575,5.0786,52.49999,5.04335,52.51464,ImjW-VUDJ,52.49999 5.0786,52.51464 5.04335,11/06/2011 04:00,5,3
37.912,201106110415,-55.0,-54.0,2.89575,5.0786,52.49999,5.04335,52.51464,ImjW-VUDJ,52.49999 5.0786,52.51464 5.04335,11/06/2011 04:15,5,3
37.912,201106110430,-55.0,-54.0,2.89575,5.0786,52.49999,5.04335,52.51464,ImjW-VUDJ,52.49999 5.0786,52.51464 5.04335,11/06/2011 04:30,5,3
37.912,201106110445,-55.0,-54.0,2.89575,5.0786,52.49999,5.04335,52.51464,ImjW-VUDJ,52.49999 5.0786,52.51464 5.04335,11/06/2011 04:45,5,3
37.912,201106110500,-54.0,-54.0,2.89575,5.0786,52.49999,5.04335,52.51464,ImjW-VUDJ,52.49999 5.0786,52.51464 5.04335,11/06/2011 05:00,5,3
37.912,201106110515,-54.0,-54.0,2.89575,5.0786,52.49999,5.04335,52.51464,ImjW-VUDJ,52.49999 5.0786,52.51464 5.04335,11/06/2011 05:15,5,3
37.912,201106110530,-54.0,-53.0,2.89575,5.0786,52.49999,5.04335,52.51464,ImjW-VUDJ,52.49999 5.0786,52.51464 5.04335,11/06/2011 05:30,5,3
37.912,201106110545,-54.0,-53.0,2.89575,5.0786,52.49999,5.04335,52.51464,ImjW-VUDJ,52.49999 5.0786,52.51464 5.04335,11/06/2011 05:45,5,3
37.912,201106110600,-54.0,-54.0,2.89575,5.0786,52.49999,5.04335,52.51464,ImjW-VUDJ,52.49999 5.0786,52.51464 5.04335,11/06/2011 06:00,5,3
37.912,201106110615,-54.0,-53.0,2.89575,5.0786,52.49999,5.04335,52.51464,ImjW-VUDJ,52.49999 5.0786,52.51464 5.04335,11/06/2011 06:15,5,3
37.912,201106110630,-54.0,-53.0,2.89575,5.0786,52.49999,5.04335,52.51464,ImjW-VUDJ,52.49999 5.0786,52.51464 5.04335,11/06/2011 06:30,5,3
37.912,201106110645,-54.0,-53.0,2.89575,5.0786,52.49999,5.04335,52.51464,ImjW-VUDJ,52.49999 5.0786,52.51464 5.04335,11/06/2011 06:45,5,3
37.912,201106110700,-54.0,-53.0,2.89575,5.0786,52.49999,5.04335,52.51464,ImjW-VUDJ,52.49999 5.0786,52.51464 5.04335,11/06/2011 07:00,5,3
37.912,201106110715,-54.0,-53.0,2.89575,5.0786,52.49999,5.04335,52.51464,ImjW-VUDJ,52.49999 5.0786,52.51464 5.04335,11/06/2011 07:15,5,3
37.912,201106110730,-54.0,-53.0,2.89575,5.0786,52.49999,5.04335,52.51464,ImjW-VUDJ,52.49999 5.0786,52.51464 5.04335,11/06/2011 07:30,5,3
37.912,201106110745,-54.0,-53.0,2.89575,5.0786,52.49999,5.04335,52.51464,ImjW-VUDJ,52.49999 5.0786,52.51464 5.04335,11/06/2011 07:45,5,3
37.912,201106110800,-54.0,-53.0,2.89575,5.0786,52.49999,5.04335,52.51464,ImjW-VUDJ,52.49999 5.0786,52.51464 5.04335,11/06/2011 08:00,5,3
37.912,201108050815,-54.0,-53.0,2.89575,5.0786,52.49999,5.04335,52.51464,ImjW-VUDJ,52.49999 5.0786,52.51464 5.04335,05/08/2011 08:15,5,3
37.912,201108050830,-54.0,-53.0,2.89575,5.0786,52.49999,5.04335,52.51464,ImjW-VUDJ,52.49999 5.0786,52.51464 5.04335,05/08/2011 08:30,5,3
37.912,201108050845,-54.0,-53.0,2.89575,5.0786,52.49999,5.04335,52.51464,ImjW-VUDJ,52.49999 5.0786,52.51464 5.04335,05/08/2011 08:45,5,3
37.912,201108050900,-54.0,-53.0,2.89575,5.0786,52.49999,5.04335,52.51464,ImjW-VUDJ,52.49999 5.0786,52.51464 5.04335,05/08/2011 09:00,5,3
37.912,201108050915,-54.0,-53.0,2.89575,5.0786,52.49999,5.04335,52.51464,ImjW-VUDJ,52.49999 5.0786,52.51464 5.04335,05/08/2011 09:15,5,3
37.912,201108050930,-54.0,-53.0,2.89575,5.0786,52.49999,5.04335,52.51464,ImjW-VUDJ,52.49999 5.0786,52.51464 5.04335,05/08/2011 09:30,5,3
37.912,201108050945,-54.0,-53.0,2.89575,5.0786,52.49999,5.04335,52.51464,ImjW-VUDJ,52.49999 5.0786,52.51464 5.04335,05/08/2011 09:45,5,3
37.912,201108051000,-54.0,-53.0,2.89575,5.0786,52.49999,5.04335,52.51464,ImjW-VUDJ,52.49999 5.0786,52.51464 5.04335,05/08/2011 10:00,5,3
37.912,201108051015,-54.0,-53.0,2.89575,5.0786,52.49999,5.04335,52.51464,ImjW-VUDJ,52.49999 5.0786,52.51464 5.04335,05/08/2011 10:15,5,3
37.912,201108051030,-54.0,-53.0,2.89575,5.0786,52.49999,5.04335,52.51464,ImjW-VUDJ,52.49999 5.0786,52.51464 5.04335,05/08/2011 10:30,5,3
37.912,201108051045,-54.0,-53.0,2.89575,5.0786,52.49999,5.04335,52.51464,ImjW-VUDJ,52.49999 5.0786,52.51464 5.04335,05/08/2011 10:45,5,3
37.912,201108051100,-54.0,-53.0,2.89575,5.0786,52.49999,5.04335,52.51464,ImjW-VUDJ,52.49999 5.0786,52.51464 5.04335,05/08/2011 11:00,5,3
37.912,201108051115,-53.0,-53.0,2.89575,5.0786,52.49999,5.04335,52.51464,ImjW-VUDJ,52.49999 5.0786,52.51464 5.04335,05/08/2011 11:15,5,3
37.912,201108051130,-53.0,-53.0,2.89575,5.0786,52.49999,5.04335,52.51464,ImjW-VUDJ,52.49999 5.0786,52.51464 5.04335,05/08/2011 11:30,5,3
37.912,201108051145,-54.0,-53.0,2.89575,5.0786,52.49999,5.04335,52.51464,ImjW-VUDJ,52.49999 5.0786,52.51464 5.04335,05/08/2011 11:45,5,3
37.912,201108051200,-54.0,-53.0,2.89575,5.0786,52.49999,5.04335,52.51464,ImjW-VUDJ,52.49999 5.0786,52.51464 5.04335,05/08/2011 12:00,5,3
37.912,201108051215,-53.0,-53.0,2.89575,5.0786,52.49999,5.04335,52.51464,ImjW-VUDJ,52.49999 5.0786,52.51464 5.04335,05/08/2011 12:15,5,3
37.912,201108051230,-53.0,-53.0,2.89575,5.0786,52.49999,5.04335,52.51464,ImjW-VUDJ,52.49999 5.0786,52.51464 5.04335,05/08/2011 12:30,5,3
37.912,201108051245,-54.0,-53.0,2.89575,5.0786,52.49999,5.04335,52.51464,ImjW-VUDJ,52.49999 5.0786,52.51464 5.04335,05/08/2011 12:45,5,3
37.912,201108051300,-53.0,-53.0,2.89575,5.0786,52.49999,5.04335,52.51464,ImjW-VUDJ,52.49999 5.0786,52.51464 5.04335,05/08/2011 13:00,5,3
37.912,201108051315,-53.0,-53.0,2.89575,5.0786,52.49999,5.04335,52.51464,ImjW-VUDJ,52.49999 5.0786,52.51464 5.04335,05/08/2011 13:15,5,3
37.912,201108051330,-53.0,-53.0,2.89575,5.0786,52.49999,5.04335,52.51464,ImjW-VUDJ,52.49999 5.0786,52.51464 5.04335,05/08/2011 13:30,5,3
37.912,201108051345,-53.0,-53.0,2.89575,5.0786,52.49999,5.04335,52.51464,ImjW-VUDJ,52.49999 5.0786,52.51464 5.04335,05/08/2011 13:45,5,3
37.912,201108051400,-54.0,-53.0,2.89575,5.0786,52.49999,5.04335,52.51464,ImjW-VUDJ,52.49999 5.0786,52.51464 5.04335,05/08/2011 14:00,5,3
37.912,201108051415,-53.0,-53.0,2.89575,5.0786,52.49999,5.04335,52.51464,ImjW-VUDJ,52.49999 5.0786,52.51464 5.04335,05/08/2011 14:15,5,3
37.912,201108051430,-53.0,-53.0,2.89575,5.0786,52.49999,5.04335,52.51464,ImjW-VUDJ,52.49999 5.0786,52.51464 5.04335,05/08/2011 14:30,5,3
37.912,201108051445,-53.0,-53.0,2.89575,5.0786,52.49999,5.04335,52.51464,ImjW-VUDJ,52.49999 5.0786,52.51464 5.04335,05/08/2011 14:45,5,3
37.912,201108051500,-53.0,-53.0,2.89575,5.0786,52.49999,5.04335,52.51464,ImjW-VUDJ,52.49999 5.0786,52.51464 5.04335,05/08/2011 15:00,5,3
37.912,201108051515,-53.0,-53.0,2.89575,5.0786,52.49999,5.04335,52.51464,ImjW-VUDJ,52.49999 5.0786,52.51464 5.04335,05/08/2011 15:15,5,3
37.912,201108051530,-53.0,-53.0,2.89575,5.0786,52.49999,5.04335,52.51464,ImjW-VUDJ,52.49999 5.0786,52.51464 5.04335,05/08/2011 15:30,5,3
37.912,201108051545,-53.0,-53.0,2.89575,5.0786,52.49999,5.04335,52.51464,ImjW-VUDJ,52.49999 5.0786,52.51464 5.04335,05/08/2011 15:45,5,3
37.912,201108051600,-53.0,-53.0,2.89575,5.0786,52.49999,5.04335,52.51464,ImjW-VUDJ,52.49999 5.0786,52.51464 5.04335,05/08/2011 16:00,5,3
37.912,201108051630,-53.0,-53.0,2.89575,5.0786,52.49999,5.04335,52.51464,ImjW-VUDJ,52.49999 5.0786,52.51464 5.04335,05/08/2011 16:30,5,3
37.912,201108051645,-54.0,-53.0,2.89575,5.0786,52.49999,5.04335,52.51464,ImjW-VUDJ,52.49999 5.0786,52.51464 5.04335,05/08/2011 16:45,5,3
37.912,201108051700,-54.0,-53.0,2.89575,5.0786,52.49999,5.04335,52.51464,ImjW-VUDJ,52.49999 5.0786,52.51464 5.04335,05/08/2011 17:00,5,3
37.912,201108051715,-54.0,-53.0,2.89575,5.0786,52.49999,5.04335,52.51464,ImjW-VUDJ,52.49999 5.0786,52.51464 5.04335,05/08/2011 17:15,5,3
37.912,201108051730,-54.0,-53.0,2.89575,5.0786,52.49999,5.04335,52.51464,ImjW-VUDJ,52.49999 5.0786,52.51464 5.04335,05/08/2011 17:30,5,3
37.912,201108051745,-54.0,-53.0,2.89575,5.0786,52.49999,5.04335,52.51464,ImjW-VUDJ,52.49999 5.0786,52.51464 5.04335,05/08/2011 17:45,5,3
37.912,201108051800,-54.0,-53.0,2.89575,5.0786,52.49999,5.04335,52.51464,ImjW-VUDJ,52.49999 5.0786,52.51464 5.04335,05/08/2011 18:00,5,3
37.912,201108051815,-54.0,-53.0,2.89575,5.0786,52.49999,5.04335,52.51464,ImjW-VUDJ,52.49999 5.0786,52.51464 5.04335,05/08/2011 18:15,5,3
37.912,201108051830,-54.0,-53.0,2.89575,5.0786,52.49999,5.04335,52.51464,ImjW-VUDJ,52.49999 5.0786,52.51464 5.04335,05/08/2011 18:30,5,3
37.912,201108051845,-54.0,-53.0,2.89575,5.0786,52.49999,5.04335,52.51464,ImjW-VUDJ,52.49999 5.0786,52.51464 5.04335,05/08/2011 18:45,5,3
37.912,201108051900,-54.0,-53.0,2.89575,5.0786,52.49999,5.04335,52.51464,ImjW-VUDJ,52.49999 5.0786,52.51464 5.04335,05/08/2011 19:00,5,3
37.912,201108051915,-54.0,-53.0,2.89575,5.0786,52.49999,5.04335,52.51464,ImjW-VUDJ,52.49999 5.0786,52.51464 5.04335,05/08/2011 19:15,5,3
37.912,201108051930,-54.0,-54.0,2.89575,5.0786,52.49999,5.04335,52.51464,ImjW-VUDJ,52.49999 5.0786,52.51464 5.04335,05/08/2011 19:30,5,3
37.912,201108051945,-54.0,-54.0,2.89575,5.0786,52.49999,5.04335,52.51464,ImjW-VUDJ,52.49999 5.0786,52.51464 5.04335,05/08/2011 19:45,5,3
37.912,201108052000,-54.0,-54.0,2.89575,5.0786,52.49999,5.04335,52.51464,ImjW-VUDJ,52.49999 5.0786,52.51464 5.04335,05/08/2011 20:00,5,3
37.912,201108052015,-54.0,-54.0,2.89575,5.0786,52.49999,5.04335,52.51464,ImjW-VUDJ,52.49999 5.0786,52.51464 5.04335,05/08/2011 20:15,5,3
37.912,201108052030,-54.0,-54.0,2.89575,5.0786,52.49999,5.04335,52.51464,ImjW-VUDJ,52.49999 5.0786,52.51464 5.04335,05/08/2011 20:30,5,3
37.912,201108052045,-54.0,-54.0,2.89575,5.0786,52.49999,5.04335,52.51464,ImjW-VUDJ,52.49999 5.0786,52.51464 5.04335,05/08/2011 20:45,5,3
37.912,201108052100,-54.0,-54.0,2.89575,5.0786,52.49999,5.04335,52.51464,ImjW-VUDJ,52.49999 5.0786,52.51464 5.04335,05/08/2011 21:00,5,3
37.912,201108052115,-54.0,-54.0,2.89575,5.0786,52.49999,5.04335,52.51464,ImjW-VUDJ,52.49999 5.0786,52.51464 5.04335,05/08/2011 21:15,5,3
37.912,201108052130,-54.0,-54.0,2.89575,5.0786,52.49999,5.04335,52.51464,ImjW-VUDJ,52.49999 5.0786,52.51464 5.04335,05/08/2011 21:30,5,3
37.912,201108052145,-54.0,-54.0,2.89575,5.0786,52.49999,5.04335,52.51464,ImjW-VUDJ,52.49999 5.0786,52.51464 5.04335,05/08/2011 21:45,5,3
37.912,201108052200,-54.0,-54.0,2.89575,5.0786,52.49999,5.04335,52.51464,ImjW-VUDJ,52.49999 5.0786,52.51464 5.04335,05/08/2011 22:00,5,3
37.912,201108052215,-54.0,-54.0,2.89575,5.0786,52.49999,5.04335,52.51464,ImjW-VUDJ,52.49999 5.0786,52.51464 5.04335,05/08/2011 22:15,5,3
37.912,201108052230,-54.0,-54.0,2.89575,5.0786,52.49999,5.04335,52.51464,ImjW-VUDJ,52.49999 5.0786,52.51464 5.04335,05/08/2011 22:30,5,3
37.912,201108052245,-54.0,-54.0,2.89575,5.0786,52.49999,5.04335,52.51464,ImjW-VUDJ,52.49999 5.0786,52.51464 5.04335,05/08/2011 22:45,5,3
37.912,201108052300,-54.0,-54.0,2.89575,5.0786,52.49999,5.04335,52.51464,ImjW-VUDJ,52.49999 5.0786,52.51464 5.04335,05/08/2011 23:00,5,3
37.912,201108052315,-54.0,-54.0,2.89575,5.0786,52.49999,5.04335,52.51464,ImjW-VUDJ,52.49999 5.0786,52.51464 5.04335,05/08/2011 23:15,5,3
37.912,201108052330,-54.0,-54.0,2.89575,5.0786,52.49999,5.04335,52.51464,ImjW-VUDJ,52.49999 5.0786,52.51464 5.04335,05/08/2011 23:30,5,3
37.912,201108052345,-54.0,-54.0,2.89575,5.0786,52.49999,5.04335,52.51464,ImjW-VUDJ,52.49999 5.0786,52.51464 5.04335,05/08/2011 23:45,5,3
37.912,201108060000,-54.0,-54.0,2.89575,5.0786,52.49999,5.04335,52.51464,ImjW-VUDJ,52.49999 5.0786,52.51464 5.04335,06/08/2011 00:00,5,3
37.912,201108060015,-54.0,-54.0,2.89575,5.0786,52.49999,5.04335,52.51464,ImjW-VUDJ,52.49999 5.0786,52.51464 5.04335,06/08/2011 00:15,5,3
37.912,201108060030,-54.0,-54.0,2.89575,5.0786,52.49999,5.04335,52.51464,ImjW-VUDJ,52.49999 5.0786,52.51464 5.04335,06/08/2011 00:30,5,3
37.912,201108060045,-54.0,-54.0,2.89575,5.0786,52.49999,5.04335,52.51464,ImjW-VUDJ,52.49999 5.0786,52.51464 5.04335,06/08/2011 00:45,5,3
37.912,201108060100,-54.0,-54.0,2.89575,5.0786,52.49999,5.04335,52.51464,ImjW-VUDJ,52.49999 5.0786,52.51464 5.04335,06/08/2011 01:00,5,3
37.912,201108060115,-54.0,-54.0,2.89575,5.0786,52.49999,5.04335,52.51464,ImjW-VUDJ,52.49999 5.0786,52.51464 5.04335,06/08/2011 01:15,5,3
37.912,201108060130,-54.0,-54.0,2.89575,5.0786,52.49999,5.04335,52.51464,ImjW-VUDJ,52.49999 5.0786,52.51464 5.04335,06/08/2011 01:30,5,3
37.912,201108060145,-54.0,-54.0,2.89575,5.0786,52.49999,5.04335,52.51464,ImjW-VUDJ,52.49999 5.0786,52.51464 5.04335,06/08/2011 01:45,5,3
37.912,201108060200,-54.0,-54.0,2.89575,5.0786,52.49999,5.04335,52.51464,ImjW-VUDJ,52.49999 5.0786,52.51464 5.04335,06/08/2011 02:00,5,3
37.912,201108060215,-54.0,-54.0,2.89575,5.0786,52.49999,5.04335,52.51464,ImjW-VUDJ,52.49999 5.0786,52.51464 5.04335,06/08/2011 02:15,5,3
37.912,201108060230,-54.0,-54.0,2.89575,5.0786,52.49999,5.04335,52.51464,ImjW-VUDJ,52.49999 5.0786,52.51464 5.04335,06/08/2011 02:30,5,3
37.912,201108060245,-54.0,-54.0,2.89575,5.0786,52.49999,5.04335,52.51464,ImjW-VUDJ,52.49999 5.0786,52.51464 5.04335,06/08/2011 02:45,5,3
37.912,201108060300,-54.0,-54.0,2.89575,5.0786,52.49999,5.04335,52.51464,ImjW-VUDJ,52.49999 5.0786,52.51464 5.04335,06/08/2011 03:00,5,3
37.912,201108060315,-54.0,-53.0,2.89575,5.0786,52.49999,5.04335,52.51464,ImjW-VUDJ,52.49999 5.0786,52.51464 5.04335,06/08/2011 03:15,5,3
37.912,201108060330,-54.0,-54.0,2.89575,5.0786,52.49999,5.04335,52.51464,ImjW-VUDJ,52.49999 5.0786,52.51464 5.04335,06/08/2011 03:30,5,3
37.912,201108060345,-54.0,-54.0,2.89575,5.0786,52.49999,5.04335,52.51464,ImjW-VUDJ,52.49999 5.0786,52.51464 5.04335,06/08/2011 03:45,5,3
37.912,201108060400,-54.0,-53.0,2.89575,5.0786,52.49999,5.04335,52.51464,ImjW-VUDJ,52.49999 5.0786,52.51464 5.04335,06/08/2011 04:00,5,3
37.912,201108060415,-54.0,-54.0,2.89575,5.0786,52.49999,5.04335,52.51464,ImjW-VUDJ,52.49999 5.0786,52.51464 5.04335,06/08/2011 04:15,5,3
37.912,201108060430,-54.0,-54.0,2.89575,5.0786,52.49999,5.04335,52.51464,ImjW-VUDJ,52.49999 5.0786,52.51464 5.04335,06/08/2011 04:30,5,3
37.912,201108060445,-54.0,-54.0,2.89575,5.0786,52.49999,5.04335,52.51464,ImjW-VUDJ,52.49999 5.0786,52.51464 5.04335,06/08/2011 04:45,5,3
37.912,201108060500,-55.0,-54.0,2.89575,5.0786,52.49999,5.04335,52.51464,ImjW-VUDJ,52.49999 5.0786,52.51464 5.04335,06/08/2011 05:00,5,3
37.912,201108060515,-55.0,-54.0,2.89575,5.0786,52.49999,5.04335,52.51464,ImjW-VUDJ,52.49999 5.0786,52.51464 5.04335,06/08/2011 05:15,5,3
37.912,201108060530,-55.0,-54.0,2.89575,5.0786,52.49999,5.04335,52.51464,ImjW-VUDJ,52.49999 5.0786,52.51464 5.04335,06/08/2011 05:30,5,3
37.912,201108060545,-55.0,-54.0,2.89575,5.0786,52.49999,5.04335,52.51464,ImjW-VUDJ,52.49999 5.0786,52.51464 5.04335,06/08/2011 05:45,5,3
37.912,201108060600,-54.0,-54.0,2.89575,5.0786,52.49999,5.04335,52.51464,ImjW-VUDJ,52.49999 5.0786,52.51464 5.04335,06/08/2011 06:00,5,3
37.912,201108060615,-54.0,-54.0,2.89575,5.0786,52.49999,5.04335,52.51464,ImjW-VUDJ,52.49999 5.0786,52.51464 5.04335,06/08/2011 06:15,5,3
37.912,201108060630,-54.0,-53.0,2.89575,5.0786,52.49999,5.04335,52.51464,ImjW-VUDJ,52.49999 5.0786,52.51464 5.04335,06/08/2011 06:30,5,3
37.912,201108060645,-54.0,-53.0,2.89575,5.0786,52.49999,5.04335,52.51464,ImjW-VUDJ,52.49999 5.0786,52.51464 5.04335,06/08/2011 06:45,5,3
37.912,201108060700,-54.0,-53.0,2.89575,5.0786,52.49999,5.04335,52.51464,ImjW-VUDJ,52.49999 5.0786,52.51464 5.04335,06/08/2011 07:00,5,3
37.912,201108060715,-54.0,-53.0,2.89575,5.0786,52.49999,5.04335,52.51464,ImjW-VUDJ,52.49999 5.0786,52.51464 5.04335,06/08/2011 07:15,5,3
37.912,201108060730,-54.0,-53.0,2.89575,5.0786,52.49999,5.04335,52.51464,ImjW-VUDJ,52.49999 5.0786,52.51464 5.04335,06/08/2011 07:30,5,3
37.912,201108060745,-54.0,-53.0,2.89575,5.0786,52.49999,5.04335,52.51464,ImjW-VUDJ,52.49999 5.0786,52.51464 5.04335,06/08/2011 07:45,5,3
37.912,201108060800,-54.0,-53.0,2.89575,5.0786,52.49999,5.04335,52.51464,ImjW-VUDJ,52.49999 5.0786,52.51464 5.04335,06/08/2011 08:00,5,3
37.912,201108060815,-54.0,-53.0,2.89575,5.0786,52.49999,5.04335,52.51464,ImjW-VUDJ,52.49999 5.0786,52.51464 5.04335,06/08/2011 08:15,5,3
37.912,201108060830,-54.0,-53.0,2.89575,5.0786,52.49999,5.04335,52.51464,ImjW-VUDJ,52.49999 5.0786,52.51464 5.04335,06/08/2011 08:30,5,3
37.912,201108060845,-54.0,-53.0,2.89575,5.0786,52.49999,5.04335,52.51464,ImjW-VUDJ,52.49999 5.0786,52.51464 5.04335,06/08/2011 08:45,5,3
37.912,201108060900,-54.0,-53.0,2.89575,5.0786,52.49999,5.04335,52.51464,ImjW-VUDJ,52.49999 5.0786,52.51464 5.04335,06/08/2011 09:00,5,3
37.912,201108060915,-54.0,-53.0,2.89575,5.0786,52.49999,5.04335,52.51464,ImjW-VUDJ,52.49999 5.0786,52.51464 5.04335,06/08/2011 09:15,5,3
37.912,201108060930,-54.0,-53.0,2.89575,5.0786,52.49999,5.04335,52.51464,ImjW-VUDJ,52.49999 5.0786,52.51464 5.04335,06/08/2011 09:30,5,3
37.912,201108060945,-54.0,-53.0,2.89575,5.0786,52.49999,5.04335,52.51464,ImjW-VUDJ,52.49999 5.0786,52.51464 5.04335,06/08/2011 09:45,5,3
37.912,201108061000,-54.0,-53.0,2.89575,5.0786,52.49999,5.04335,52.51464,ImjW-VUDJ,52.49999 5.0786,52.51464 5.04335,06/08/2011 10:00,5,3
37.912,201108061015,-54.0,-53.0,2.89575,5.0786,52.49999,5.04335,52.51464,ImjW-VUDJ,52.49999 5.0786,52.51464 5.04335,06/08/2011 10:15,5,3
37.912,201108061030,-54.0,-53.0,2.89575,5.0786,52.49999,5.04335,52.51464,ImjW-VUDJ,52.49999 5.0786,52.51464 5.04335,06/08/2011 10:30,5,3
37.912,201108061045,-54.0,-53.0,2.89575,5.0786,52.49999,5.04335,52.51464,ImjW-VUDJ,52.49999 5.0786,52.51464 5.04335,06/08/2011 10:45,5,3
37.912,201108061100,-54.0,-53.0,2.89575,5.0786,52.49999,5.04335,52.51464,ImjW-VUDJ,52.49999 5.0786,52.51464 5.04335,06/08/2011 11:00,5,3
37.912,201108061115,-53.0,-53.0,2.89575,5.0786,52.49999,5.04335,52.51464,ImjW-VUDJ,52.49999 5.0786,52.51464 5.04335,06/08/2011 11:15,5,3
37.912,201108061130,-53.0,-53.0,2.89575,5.0786,52.49999,5.04335,52.51464,ImjW-VUDJ,52.49999 5.0786,52.51464 5.04335,06/08/2011 11:30,5,3
37.912,201108061145,-53.0,-53.0,2.89575,5.0786,52.49999,5.04335,52.51464,ImjW-VUDJ,52.49999 5.0786,52.51464 5.04335,06/08/2011 11:45,5,3
37.912,201108061200,-53.0,-53.0,2.89575,5.0786,52.49999,5.04335,52.51464,ImjW-VUDJ,52.49999 5.0786,52.51464 5.04335,06/08/2011 12:00,5,3
37.912,201108061215,-53.0,-53.0,2.89575,5.0786,52.49999,5.04335,52.51464,ImjW-VUDJ,52.49999 5.0786,52.51464 5.04335,06/08/2011 12:15,5,3
37.912,201108061230,-57.0,-53.0,2.89575,5.0786,52.49999,5.04335,52.51464,ImjW-VUDJ,52.49999 5.0786,52.51464 5.04335,06/08/2011 12:30,5,3
37.912,201108061245,-53.0,-53.0,2.89575,5.0786,52.49999,5.04335,52.51464,ImjW-VUDJ,52.49999 5.0786,52.51464 5.04335,06/08/2011 12:45,5,3
37.912,201108061300,-53.0,-53.0,2.89575,5.0786,52.49999,5.04335,52.51464,ImjW-VUDJ,52.49999 5.0786,52.51464 5.04335,06/08/2011 13:00,5,3
37.912,201108061315,-53.0,-53.0,2.89575,5.0786,52.49999,5.04335,52.51464,ImjW-VUDJ,52.49999 5.0786,52.51464 5.04335,06/08/2011 13:15,5,3
37.912,201108061330,-53.0,-52.0,2.89575,5.0786,52.49999,5.04335,52.51464,ImjW-VUDJ,52.49999 5.0786,52.51464 5.04335,06/08/2011 13:30,5,3
37.912,201108061345,-53.0,-52.0,2.89575,5.0786,52.49999,5.04335,52.51464,ImjW-VUDJ,52.49999 5.0786,52.51464 5.04335,06/08/2011 13:45,5,3
37.912,201108061400,-53.0,-53.0,2.89575,5.0786,52.49999,5.04335,52.51464,ImjW-VUDJ,52.49999 5.0786,52.51464 5.04335,06/08/2011 14:00,5,3
37.912,201108061415,-53.0,-52.0,2.89575,5.0786,52.49999,5.04335,52.51464,ImjW-VUDJ,52.49999 5.0786,52.51464 5.04335,06/08/2011 14:15,5,3
37.912,201108061430,-53.0,-52.0,2.89575,5.0786,52.49999,5.04335,52.51464,ImjW-VUDJ,52.49999 5.0786,52.51464 5.04335,06/08/2011 14:30,5,3
37.912,201108061500,-99.0,-54.0,2.89575,5.0786,52.49999,5.04335,52.51464,ImjW-VUDJ,52.49999 5.0786,52.51464 5.04335,06/08/2011 15:00,5,3
37.912,201108061515,-54.0,-54.0,2.89575,5.0786,52.49999,5.04335,52.51464,ImjW-VUDJ,52.49999 5.0786,52.51464 5.04335,06/08/2011 15:15,5,3
37.912,201108061530,-54.0,-53.0,2.89575,5.0786,52.49999,5.04335,52.51464,ImjW-VUDJ,52.49999 5.0786,52.51464 5.04335,06/08/2011 15:30,5,3
37.912,201108061545,-54.0,-53.0,2.89575,5.0786,52.49999,5.04335,52.51464,ImjW-VUDJ,52.49999 5.0786,52.51464 5.04335,06/08/2011 15:45,5,3
37.912,201108061600,-54.0,-53.0,2.89575,5.0786,52.49999,5.04335,52.51464,ImjW-VUDJ,52.49999 5.0786,52.51464 5.04335,06/08/2011 16:00,5,3
37.912,201108061630,-54.0,-53.0,2.89575,5.0786,52.49999,5.04335,52.51464,ImjW-VUDJ,52.49999 5.0786,52.51464 5.04335,06/08/2011 16:30,5,3
37.912,201108061645,-54.0,-53.0,2.89575,5.0786,52.49999,5.04335,52.51464,ImjW-VUDJ,52.49999 5.0786,52.51464 5.04335,06/08/2011 16:45,5,3
37.912,201108061700,-54.0,-53.0,2.89575,5.0786,52.49999,5.04335,52.51464,ImjW-VUDJ,52.49999 5.0786,52.51464 5.04335,06/08/2011 17:00,5,3
37.912,201108061715,-54.0,-53.0,2.89575,5.0786,52.49999,5.04335,52.51464,ImjW-VUDJ,52.49999 5.0786,52.51464 5.04335,06/08/2011 17:15,5,3
37.912,201108061730,-59.0,-53.0,2.89575,5.0786,52.49999,5.04335,52.51464,ImjW-VUDJ,52.49999 5.0786,52.51464 5.04335,06/08/2011 17:30,5,3
37.912,201108061745,-63.0,-55.0,2.89575,5.0786,52.49999,5.04335,52.51464,ImjW-VUDJ,52.49999 5.0786,52.51464 5.04335,06/08/2011 17:45,5,3
37.912,201108061800,-57.0,-54.0,2.89575,5.0786,52.49999,5.04335,52.51464,ImjW-VUDJ,52.49999 5.0786,52.51464 5.04335,06/08/2011 18:00,5,3
37.912,201108061815,-64.0,-56.0,2.89575,5.0786,52.49999,5.04335,52.51464,ImjW-VUDJ,52.49999 5.0786,52.51464 5.04335,06/08/2011 18:15,5,3
37.912,201108061830,-57.0,-55.0,2.89575,5.0786,52.49999,5.04335,52.51464,ImjW-VUDJ,52.49999 5.0786,52.51464 5.04335,06/08/2011 18:30,5,3
37.912,201108061845,-62.0,-55.0,2.89575,5.0786,52.49999,5.04335,52.51464,ImjW-VUDJ,52.49999 5.0786,52.51464 5.04335,06/08/2011 18:45,5,3
37.912,201108061900,-60.0,-55.0,2.89575,5.0786,52.49999,5.04335,52.51464,ImjW-VUDJ,52.49999 5.0786,52.51464 5.04335,06/08/2011 19:00,5,3
37.912,201108061915,-58.0,-56.0,2.89575,5.0786,52.49999,5.04335,52.51464,ImjW-VUDJ,52.49999 5.0786,52.51464 5.04335,06/08/2011 19:15,5,3
37.912,201108061930,-56.0,-55.0,2.89575,5.0786,52.49999,5.04335,52.51464,ImjW-VUDJ,52.49999 5.0786,52.51464 5.04335,06/08/2011 19:30,5,3
37.912,201108061945,-56.0,-54.0,2.89575,5.0786,52.49999,5.04335,52.51464,ImjW-VUDJ,52.49999 5.0786,52.51464 5.04335,06/08/2011 19:45,5,3
37.912,201108062000,-55.0,-54.0,2.89575,5.0786,52.49999,5.04335,52.51464,ImjW-VUDJ,52.49999 5.0786,52.51464 5.04335,06/08/2011 20:00,5,3
37.912,201108062015,-54.0,-54.0,2.89575,5.0786,52.49999,5.04335,52.51464,ImjW-VUDJ,52.49999 5.0786,52.51464 5.04335,06/08/2011 20:15,5,3
37.912,201108062030,-54.0,-54.0,2.89575,5.0786,52.49999,5.04335,52.51464,ImjW-VUDJ,52.49999 5.0786,52.51464 5.04335,06/08/2011 20:30,5,3
37.912,201108062045,-54.0,-54.0,2.89575,5.0786,52.49999,5.04335,52.51464,ImjW-VUDJ,52.49999 5.0786,52.51464 5.04335,06/08/2011 20:45,5,3
37.912,201108062100,-54.0,-54.0,2.89575,5.0786,52.49999,5.04335,52.51464,ImjW-VUDJ,52.49999 5.0786,52.51464 5.04335,06/08/2011 21:00,5,3
37.912,201108062115,-54.0,-54.0,2.89575,5.0786,52.49999,5.04335,52.51464,ImjW-VUDJ,52.49999 5.0786,52.51464 5.04335,06/08/2011 21:15,5,3
37.912,201108062130,-54.0,-54.0,2.89575,5.0786,52.49999,5.04335,52.51464,ImjW-VUDJ,52.49999 5.0786,52.51464 5.04335,06/08/2011 21:30,5,3
37.912,201108062145,-54.0,-54.0,2.89575,5.0786,52.49999,5.04335,52.51464,ImjW-VUDJ,52.49999 5.0786,52.51464 5.04335,06/08/2011 21:45,5,3
37.912,201108062200,-54.0,-54.0,2.89575,5.0786,52.49999,5.04335,52.51464,ImjW-VUDJ,52.49999 5.0786,52.51464 5.04335,06/08/2011 22:00,5,3
37.912,201108062215,-54.0,-54.0,2.89575,5.0786,52.49999,5.04335,52.51464,ImjW-VUDJ,52.49999 5.0786,52.51464 5.04335,06/08/2011 22:15,5,3
37.912,201108062230,-54.0,-54.0,2.89575,5.0786,52.49999,5.04335,52.51464,ImjW-VUDJ,52.49999 5.0786,52.51464 5.04335,06/08/2011 22:30,5,3
37.912,201108062245,-54.0,-54.0,2.89575,5.0786,52.49999,5.04335,52.51464,ImjW-VUDJ,52.49999 5.0786,52.51464 5.04335,06/08/2011 22:45,5,3
37.912,201108062300,-54.0,-54.0,2.89575,5.0786,52.49999,5.04335,52.51464,ImjW-VUDJ,52.49999 5.0786,52.51464 5.04335,06/08/2011 23:00,5,3
37.912,201108062315,-54.0,-54.0,2.89575,5.0786,52.49999,5.04335,52.51464,ImjW-VUDJ,52.49999 5.0786,52.51464 5.04335,06/08/2011 23:15,5,3
37.912,201108062330,-54.0,-54.0,2.89575,5.0786,52.49999,5.04335,52.51464,ImjW-VUDJ,52.49999 5.0786,52.51464 5.04335,06/08/2011 23:30,5,3
37.912,201108062345,-54.0,-54.0,2.89575,5.0786,52.49999,5.04335,52.51464,ImjW-VUDJ,52.49999 5.0786,52.51464 5.04335,06/08/2011 23:45,5,3
37.912,201108070000,-54.0,-54.0,2.89575,5.0786,52.49999,5.04335,52.51464,ImjW-VUDJ,52.49999 5.0786,52.51464 5.04335,07/08/2011 00:00,5,3
37.912,201108070015,-54.0,-53.0,2.89575,5.0786,52.49999,5.04335,52.51464,ImjW-VUDJ,52.49999 5.0786,52.51464 5.04335,07/08/2011 00:15,5,3
37.912,201108070030,-54.0,-53.0,2.89575,5.0786,52.49999,5.04335,52.51464,ImjW-VUDJ,52.49999 5.0786,52.51464 5.04335,07/08/2011 00:30,5,3
37.912,201108070045,-54.0,-54.0,2.89575,5.0786,52.49999,5.04335,52.51464,ImjW-VUDJ,52.49999 5.0786,52.51464 5.04335,07/08/2011 00:45,5,3
37.912,201108070100,-54.0,-53.0,2.89575,5.0786,52.49999,5.04335,52.51464,ImjW-VUDJ,52.49999 5.0786,52.51464 5.04335,07/08/2011 01:00,5,3
37.912,201108070115,-54.0,-53.0,2.89575,5.0786,52.49999,5.04335,52.51464,ImjW-VUDJ,52.49999 5.0786,52.51464 5.04335,07/08/2011 01:15,5,3
37.912,201108070130,-54.0,-53.0,2.89575,5.0786,52.49999,5.04335,52.51464,ImjW-VUDJ,52.49999 5.0786,52.51464 5.04335,07/08/2011 01:30,5,3
37.912,201108070145,-54.0,-53.0,2.89575,5.0786,52.49999,5.04335,52.51464,ImjW-VUDJ,52.49999 5.0786,52.51464 5.04335,07/08/2011 01:45,5,3
37.912,201108070200,-54.0,-54.0,2.89575,5.0786,52.49999,5.04335,52.51464,ImjW-VUDJ,52.49999 5.0786,52.51464 5.04335,07/08/2011 02:00,5,3
37.912,201108070215,-54.0,-53.0,2.89575,5.0786,52.49999,5.04335,52.51464,ImjW-VUDJ,52.49999 5.0786,52.51464 5.04335,07/08/2011 02:15,5,3
37.912,201108070230,-54.0,-54.0,2.89575,5.0786,52.49999,5.04335,52.51464,ImjW-VUDJ,52.49999 5.0786,52.51464 5.04335,07/08/2011 02:30,5,3
37.912,201108070245,-54.0,-54.0,2.89575,5.0786,52.49999,5.04335,52.51464,ImjW-VUDJ,52.49999 5.0786,52.51464 5.04335,07/08/2011 02:45,5,3
37.912,201108070300,-54.0,-54.0,2.89575,5.0786,52.49999,5.04335,52.51464,ImjW-VUDJ,52.49999 5.0786,52.51464 5.04335,07/08/2011 03:00,5,3
37.912,201108070315,-54.0,-54.0,2.89575,5.0786,52.49999,5.04335,52.51464,ImjW-VUDJ,52.49999 5.0786,52.51464 5.04335,07/08/2011 03:15,5,3
37.912,201108070330,-54.0,-54.0,2.89575,5.0786,52.49999,5.04335,52.51464,ImjW-VUDJ,52.49999 5.0786,52.51464 5.04335,07/08/2011 03:30,5,3
37.912,201108070345,-54.0,-54.0,2.89575,5.0786,52.49999,5.04335,52.51464,ImjW-VUDJ,52.49999 5.0786,52.51464 5.04335,07/08/2011 03:45,5,3
37.912,201108070400,-54.0,-54.0,2.89575,5.0786,52.49999,5.04335,52.51464,ImjW-VUDJ,52.49999 5.0786,52.51464 5.04335,07/08/2011 04:00,5,3
37.912,201108070415,-54.0,-54.0,2.89575,5.0786,52.49999,5.04335,52.51464,ImjW-VUDJ,52.49999 5.0786,52.51464 5.04335,07/08/2011 04:15,5,3
37.912,201108070430,-54.0,-54.0,2.89575,5.0786,52.49999,5.04335,52.51464,ImjW-VUDJ,52.49999 5.0786,52.51464 5.04335,07/08/2011 04:30,5,3
37.912,201108070445,-54.0,-53.0,2.89575,5.0786,52.49999,5.04335,52.51464,ImjW-VUDJ,52.49999 5.0786,52.51464 5.04335,07/08/2011 04:45,5,3
37.912,201108070500,-54.0,-54.0,2.89575,5.0786,52.49999,5.04335,52.51464,ImjW-VUDJ,52.49999 5.0786,52.51464 5.04335,07/08/2011 05:00,5,3
37.912,201108070515,-54.0,-53.0,2.89575,5.0786,52.49999,5.04335,52.51464,ImjW-VUDJ,52.49999 5.0786,52.51464 5.04335,07/08/2011 05:15,5,3
37.912,201108070530,-54.0,-53.0,2.89575,5.0786,52.49999,5.04335,52.51464,ImjW-VUDJ,52.49999 5.0786,52.51464 5.04335,07/08/2011 05:30,5,3
37.912,201108070545,-54.0,-53.0,2.89575,5.0786,52.49999,5.04335,52.51464,ImjW-VUDJ,52.49999 5.0786,52.51464 5.04335,07/08/2011 05:45,5,3
37.912,201108070600,-54.0,-53.0,2.89575,5.0786,52.49999,5.04335,52.51464,ImjW-VUDJ,52.49999 5.0786,52.51464 5.04335,07/08/2011 06:00,5,3
37.912,201108070615,-54.0,-53.0,2.89575,5.0786,52.49999,5.04335,52.51464,ImjW-VUDJ,52.49999 5.0786,52.51464 5.04335,07/08/2011 06:15,5,3
37.912,201108070630,-54.0,-53.0,2.89575,5.0786,52.49999,5.04335,52.51464,ImjW-VUDJ,52.49999 5.0786,52.51464 5.04335,07/08/2011 06:30,5,3
37.912,201108070645,-54.0,-53.0,2.89575,5.0786,52.49999,5.04335,52.51464,ImjW-VUDJ,52.49999 5.0786,52.51464 5.04335,07/08/2011 06:45,5,3
37.912,201108070700,-54.0,-53.0,2.89575,5.0786,52.49999,5.04335,52.51464,ImjW-VUDJ,52.49999 5.0786,52.51464 5.04335,07/08/2011 07:00,5,3
37.912,201108070715,-54.0,-53.0,2.89575,5.0786,52.49999,5.04335,52.51464,ImjW-VUDJ,52.49999 5.0786,52.51464 5.04335,07/08/2011 07:15,5,3
37.912,201108070730,-54.0,-53.0,2.89575,5.0786,52.49999,5.04335,52.51464,ImjW-VUDJ,52.49999 5.0786,52.51464 5.04335,07/08/2011 07:30,5,3
37.912,201108070745,-83.0,-53.0,2.89575,5.0786,52.49999,5.04335,52.51464,ImjW-VUDJ,52.49999 5.0786,52.51464 5.04335,07/08/2011 07:45,5,3
37.912,201108070800,-54.0,-53.0,2.89575,5.0786,52.49999,5.04335,52.51464,ImjW-VUDJ,52.49999 5.0786,52.51464 5.04335,07/08/2011 08:00,5,3
37.912,201108070815,-57.0,-54.0,2.89575,5.0786,52.49999,5.04335,52.51464,ImjW-VUDJ,52.49999 5.0786,52.51464 5.04335,07/08/2011 08:15,5,3
37.912,201108070830,-54.0,-53.0,2.89575,5.0786,52.49999,5.04335,52.51464,ImjW-VUDJ,52.49999 5.0786,52.51464 5.04335,07/08/2011 08:30,5,3
37.912,201108070845,-54.0,-53.0,2.89575,5.0786,52.49999,5.04335,52.51464,ImjW-VUDJ,52.49999 5.0786,52.51464 5.04335,07/08/2011 08:45,5,3
37.912,201108070900,-54.0,-53.0,2.89575,5.0786,52.49999,5.04335,52.51464,ImjW-VUDJ,52.49999 5.0786,52.51464 5.04335,07/08/2011 09:00,5,3
37.912,201108070915,-54.0,-53.0,2.89575,5.0786,52.49999,5.04335,52.51464,ImjW-VUDJ,52.49999 5.0786,52.51464 5.04335,07/08/2011 09:15,5,3
37.912,201108070930,-54.0,-53.0,2.89575,5.0786,52.49999,5.04335,52.51464,ImjW-VUDJ,52.49999 5.0786,52.51464 5.04335,07/08/2011 09:30,5,3
37.912,201108070945,-54.0,-53.0,2.89575,5.0786,52.49999,5.04335,52.51464,ImjW-VUDJ,52.49999 5.0786,52.51464 5.04335,07/08/2011 09:45,5,3
37.912,201108071000,-54.0,-53.0,2.89575,5.0786,52.49999,5.04335,52.51464,ImjW-VUDJ,52.49999 5.0786,52.51464 5.04335,07/08/2011 10:00,5,3
37.912,201108071015,-54.0,-53.0,2.89575,5.0786,52.49999,5.04335,52.51464,ImjW-VUDJ,52.49999 5.0786,52.51464 5.04335,07/08/2011 10:15,5,3
37.912,201108071030,-54.0,-53.0,2.89575,5.0786,52.49999,5.04335,52.51464,ImjW-VUDJ,52.49999 5.0786,52.51464 5.04335,07/08/2011 10:30,5,3
37.912,201108071045,-54.0,-53.0,2.89575,5.0786,52.49999,5.04335,52.51464,ImjW-VUDJ,52.49999 5.0786,52.51464 5.04335,07/08/2011 10:45,5,3
37.912,201108071100,-54.0,-53.0,2.89575,5.0786,52.49999,5.04335,52.51464,ImjW-VUDJ,52.49999 5.0786,52.51464 5.04335,07/08/2011 11:00,5,3
37.912,201108071115,-54.0,-53.0,2.89575,5.0786,52.49999,5.04335,52.51464,ImjW-VUDJ,52.49999 5.0786,52.51464 5.04335,07/08/2011 11:15,5,3
37.912,201108071130,-54.0,-53.0,2.89575,5.0786,52.49999,5.04335,52.51464,ImjW-VUDJ,52.49999 5.0786,52.51464 5.04335,07/08/2011 11:30,5,3
37.912,201108071145,-54.0,-53.0,2.89575,5.0786,52.49999,5.04335,52.51464,ImjW-VUDJ,52.49999 5.0786,52.51464 5.04335,07/08/2011 11:45,5,3
37.912,201108071200,-54.0,-53.0,2.89575,5.0786,52.49999,5.04335,52.51464,ImjW-VUDJ,52.49999 5.0786,52.51464 5.04335,07/08/2011 12:00,5,3
37.912,201108071215,-54.0,-53.0,2.89575,5.0786,52.49999,5.04335,52.51464,ImjW-VUDJ,52.49999 5.0786,52.51464 5.04335,07/08/2011 12:15,5,3
37.912,201108071230,-54.0,-53.0,2.89575,5.0786,52.49999,5.04335,52.51464,ImjW-VUDJ,52.49999 5.0786,52.51464 5.04335,07/08/2011 12:30,5,3
37.912,201108071245,-54.0,-53.0,2.89575,5.0786,52.49999,5.04335,52.51464,ImjW-VUDJ,52.49999 5.0786,52.51464 5.04335,07/08/2011 12:45,5,3
37.912,201108071300,-54.0,-53.0,2.89575,5.0786,52.49999,5.04335,52.51464,ImjW-VUDJ,52.49999 5.0786,52.51464 5.04335,07/08/2011 13:00,5,3
37.912,201108071315,-54.0,-53.0,2.89575,5.0786,52.49999,5.04335,52.51464,ImjW-VUDJ,52.49999 5.0786,52.51464 5.04335,07/08/2011 13:15,5,3
37.912,201108071330,-54.0,-53.0,2.89575,5.0786,52.49999,5.04335,52.51464,ImjW-VUDJ,52.49999 5.0786,52.51464 5.04335,07/08/2011 13:30,5,3
37.912,201108071345,-54.0,-53.0,2.89575,5.0786,52.49999,5.04335,52.51464,ImjW-VUDJ,52.49999 5.0786,52.51464 5.04335,07/08/2011 13:45,5,3
37.912,201108071400,-54.0,-53.0,2.89575,5.0786,52.49999,5.04335,52.51464,ImjW-VUDJ,52.49999 5.0786,52.51464 5.04335,07/08/2011 14:00,5,3
37.912,201108071415,-53.0,-53.0,2.89575,5.0786,52.49999,5.04335,52.51464,ImjW-VUDJ,52.49999 5.0786,52.51464 5.04335,07/08/2011 14:15,5,3
37.912,201108071430,-54.0,-53.0,2.89575,5.0786,52.49999,5.04335,52.51464,ImjW-VUDJ,52.49999 5.0786,52.51464 5.04335,07/08/2011 14:30,5,3
37.912,201108071445,-53.0,-53.0,2.89575,5.0786,52.49999,5.04335,52.51464,ImjW-VUDJ,52.49999 5.0786,52.51464 5.04335,07/08/2011 14:45,5,3
37.912,201108071500,-54.0,-53.0,2.89575,5.0786,52.49999,5.04335,52.51464,ImjW-VUDJ,52.49999 5.0786,52.51464 5.04335,07/08/2011 15:00,5,3
37.912,201108071515,-54.0,-53.0,2.89575,5.0786,52.49999,5.04335,52.51464,ImjW-VUDJ,52.49999 5.0786,52.51464 5.04335,07/08/2011 15:15,5,3
37.912,201108071530,-54.0,-53.0,2.89575,5.0786,52.49999,5.04335,52.51464,ImjW-VUDJ,52.49999 5.0786,52.51464 5.04335,07/08/2011 15:30,5,3
37.912,201108071545,-53.0,-53.0,2.89575,5.0786,52.49999,5.04335,52.51464,ImjW-VUDJ,52.49999 5.0786,52.51464 5.04335,07/08/2011 15:45,5,3
37.912,201108071600,-54.0,-53.0,2.89575,5.0786,52.49999,5.04335,52.51464,ImjW-VUDJ,52.49999 5.0786,52.51464 5.04335,07/08/2011 16:00,5,3
37.912,201108071630,-58.0,-53.0,2.89575,5.0786,52.49999,5.04335,52.51464,ImjW-VUDJ,52.49999 5.0786,52.51464 5.04335,07/08/2011 16:30,5,3
37.912,201108071645,-54.0,-53.0,2.89575,5.0786,52.49999,5.04335,52.51464,ImjW-VUDJ,52.49999 5.0786,52.51464 5.04335,07/08/2011 16:45,5,3
37.912,201108071700,-53.0,-53.0,2.89575,5.0786,52.49999,5.04335,52.51464,ImjW-VUDJ,52.49999 5.0786,52.51464 5.04335,07/08/2011 17:00,5,3
37.912,201108071715,-53.0,-53.0,2.89575,5.0786,52.49999,5.04335,52.51464,ImjW-VUDJ,52.49999 5.0786,52.51464 5.04335,07/08/2011 17:15,5,3
37.912,201108071730,-54.0,-53.0,2.89575,5.0786,52.49999,5.04335,52.51464,ImjW-VUDJ,52.49999 5.0786,52.51464 5.04335,07/08/2011 17:30,5,3
37.912,201108071745,-53.0,-53.0,2.89575,5.0786,52.49999,5.04335,52.51464,ImjW-VUDJ,52.49999 5.0786,52.51464 5.04335,07/08/2011 17:45,5,3
37.912,201108071800,-54.0,-53.0,2.89575,5.0786,52.49999,5.04335,52.51464,ImjW-VUDJ,52.49999 5.0786,52.51464 5.04335,07/08/2011 18:00,5,3
37.912,201108071815,-54.0,-53.0,2.89575,5.0786,52.49999,5.04335,52.51464,ImjW-VUDJ,52.49999 5.0786,52.51464 5.04335,07/08/2011 18:15,5,3
37.912,201108071830,-54.0,-53.0,2.89575,5.0786,52.49999,5.04335,52.51464,ImjW-VUDJ,52.49999 5.0786,52.51464 5.04335,07/08/2011 18:30,5,3
37.912,201108071845,-54.0,-53.0,2.89575,5.0786,52.49999,5.04335,52.51464,ImjW-VUDJ,52.49999 5.0786,52.51464 5.04335,07/08/2011 18:45,5,3
37.912,201108071900,-54.0,-53.0,2.89575,5.0786,52.49999,5.04335,52.51464,ImjW-VUDJ,52.49999 5.0786,52.51464 5.04335,07/08/2011 19:00,5,3
37.912,201108071915,-54.0,-53.0,2.89575,5.0786,52.49999,5.04335,52.51464,ImjW-VUDJ,52.49999 5.0786,52.51464 5.04335,07/08/2011 19:15,5,3
37.912,201108071930,-54.0,-53.0,2.89575,5.0786,52.49999,5.04335,52.51464,ImjW-VUDJ,52.49999 5.0786,52.51464 5.04335,07/08/2011 19:30,5,3
37.912,201108071945,-54.0,-53.0,2.89575,5.0786,52.49999,5.04335,52.51464,ImjW-VUDJ,52.49999 5.0786,52.51464 5.04335,07/08/2011 19:45,5,3
37.912,201108072000,-54.0,-53.0,2.89575,5.0786,52.49999,5.04335,52.51464,ImjW-VUDJ,52.49999 5.0786,52.51464 5.04335,07/08/2011 20:00,5,3
37.912,201108072015,-54.0,-53.0,2.89575,5.0786,52.49999,5.04335,52.51464,ImjW-VUDJ,52.49999 5.0786,52.51464 5.04335,07/08/2011 20:15,5,3
37.912,201108072030,-54.0,-53.0,2.89575,5.0786,52.49999,5.04335,52.51464,ImjW-VUDJ,52.49999 5.0786,52.51464 5.04335,07/08/2011 20:30,5,3
37.912,201108072045,-54.0,-53.0,2.89575,5.0786,52.49999,5.04335,52.51464,ImjW-VUDJ,52.49999 5.0786,52.51464 5.04335,07/08/2011 20:45,5,3
37.912,201108072100,-54.0,-53.0,2.89575,5.0786,52.49999,5.04335,52.51464,ImjW-VUDJ,52.49999 5.0786,52.51464 5.04335,07/08/2011 21:00,5,3
37.912,201108072115,-54.0,-53.0,2.89575,5.0786,52.49999,5.04335,52.51464,ImjW-VUDJ,52.49999 5.0786,52.51464 5.04335,07/08/2011 21:15,5,3
37.912,201108072130,-54.0,-53.0,2.89575,5.0786,52.49999,5.04335,52.51464,ImjW-VUDJ,52.49999 5.0786,52.51464 5.04335,07/08/2011 21:30,5,3
37.912,201108072145,-54.0,-53.0,2.89575,5.0786,52.49999,5.04335,52.51464,ImjW-VUDJ,52.49999 5.0786,52.51464 5.04335,07/08/2011 21:45,5,3
37.912,201108072200,-54.0,-53.0,2.89575,5.0786,52.49999,5.04335,52.51464,ImjW-VUDJ,52.49999 5.0786,52.51464 5.04335,07/08/2011 22:00,5,3
37.912,201108072215,-54.0,-53.0,2.89575,5.0786,52.49999,5.04335,52.51464,ImjW-VUDJ,52.49999 5.0786,52.51464 5.04335,07/08/2011 22:15,5,3
37.912,201108072230,-54.0,-53.0,2.89575,5.0786,52.49999,5.04335,52.51464,ImjW-VUDJ,52.49999 5.0786,52.51464 5.04335,07/08/2011 22:30,5,3
37.912,201108072245,-54.0,-53.0,2.89575,5.0786,52.49999,5.04335,52.51464,ImjW-VUDJ,52.49999 5.0786,52.51464 5.04335,07/08/2011 22:45,5,3
37.912,201108072300,-54.0,-53.0,2.89575,5.0786,52.49999,5.04335,52.51464,ImjW-VUDJ,52.49999 5.0786,52.51464 5.04335,07/08/2011 23:00,5,3
37.912,201108072315,-54.0,-53.0,2.89575,5.0786,52.49999,5.04335,52.51464,ImjW-VUDJ,52.49999 5.0786,52.51464 5.04335,07/08/2011 23:15,5,3
37.912,201108072330,-54.0,-53.0,2.89575,5.0786,52.49999,5.04335,52.51464,ImjW-VUDJ,52.49999 5.0786,52.51464 5.04335,07/08/2011 23:30,5,3
37.912,201108072345,-54.0,-53.0,2.89575,5.0786,52.49999,5.04335,52.51464,ImjW-VUDJ,52.49999 5.0786,52.51464 5.04335,07/08/2011 23:45,5,3
37.912,201108080000,-54.0,-53.0,2.89575,5.0786,52.49999,5.04335,52.51464,ImjW-VUDJ,52.49999 5.0786,52.51464 5.04335,08/08/2011 00:00,5,3
37.912,201108080015,-54.0,-53.0,2.89575,5.0786,52.49999,5.04335,52.51464,ImjW-VUDJ,52.49999 5.0786,52.51464 5.04335,08/08/2011 00:15,5,3
37.912,201108080030,-54.0,-53.0,2.89575,5.0786,52.49999,5.04335,52.51464,ImjW-VUDJ,52.49999 5.0786,52.51464 5.04335,08/08/2011 00:30,5,3
37.912,201108080045,-54.0,-53.0,2.89575,5.0786,52.49999,5.04335,52.51464,ImjW-VUDJ,52.49999 5.0786,52.51464 5.04335,08/08/2011 00:45,5,3
37.912,201108080100,-54.0,-53.0,2.89575,5.0786,52.49999,5.04335,52.51464,ImjW-VUDJ,52.49999 5.0786,52.51464 5.04335,08/08/2011 01:00,5,3
37.912,201108080115,-54.0,-53.0,2.89575,5.0786,52.49999,5.04335,52.51464,ImjW-VUDJ,52.49999 5.0786,52.51464 5.04335,08/08/2011 01:15,5,3
37.912,201108080130,-54.0,-53.0,2.89575,5.0786,52.49999,5.04335,52.51464,ImjW-VUDJ,52.49999 5.0786,52.51464 5.04335,08/08/2011 01:30,5,3
37.912,201108080145,-54.0,-53.0,2.89575,5.0786,52.49999,5.04335,52.51464,ImjW-VUDJ,52.49999 5.0786,52.51464 5.04335,08/08/2011 01:45,5,3
37.912,201108080200,-54.0,-53.0,2.89575,5.0786,52.49999,5.04335,52.51464,ImjW-VUDJ,52.49999 5.0786,52.51464 5.04335,08/08/2011 02:00,5,3
37.912,201108080215,-54.0,-53.0,2.89575,5.0786,52.49999,5.04335,52.51464,ImjW-VUDJ,52.49999 5.0786,52.51464 5.04335,08/08/2011 02:15,5,3
37.912,201108080230,-54.0,-53.0,2.89575,5.0786,52.49999,5.04335,52.51464,ImjW-VUDJ,52.49999 5.0786,52.51464 5.04335,08/08/2011 02:30,5,3
37.912,201108080245,-54.0,-53.0,2.89575,5.0786,52.49999,5.04335,52.51464,ImjW-VUDJ,52.49999 5.0786,52.51464 5.04335,08/08/2011 02:45,5,3
37.912,201108080300,-54.0,-53.0,2.89575,5.0786,52.49999,5.04335,52.51464,ImjW-VUDJ,52.49999 5.0786,52.51464 5.04335,08/08/2011 03:00,5,3
37.912,201108080315,-57.0,-53.0,2.89575,5.0786,52.49999,5.04335,52.51464,ImjW-VUDJ,52.49999 5.0786,52.51464 5.04335,08/08/2011 03:15,5,3
37.912,201108080330,-63.0,-55.0,2.89575,5.0786,52.49999,5.04335,52.51464,ImjW-VUDJ,52.49999 5.0786,52.51464 5.04335,08/08/2011 03:30,5,3
37.912,201108080345,-62.0,-58.0,2.89575,5.0786,52.49999,5.04335,52.51464,ImjW-VUDJ,52.49999 5.0786,52.51464 5.04335,08/08/2011 03:45,5,3
37.912,201108080400,-59.0,-56.0,2.89575,5.0786,52.49999,5.04335,52.51464,ImjW-VUDJ,52.49999 5.0786,52.51464 5.04335,08/08/2011 04:00,5,3
37.912,201108080415,-56.0,-55.0,2.89575,5.0786,52.49999,5.04335,52.51464,ImjW-VUDJ,52.49999 5.0786,52.51464 5.04335,08/08/2011 04:15,5,3
37.912,201108080430,-57.0,-56.0,2.89575,5.0786,52.49999,5.04335,52.51464,ImjW-VUDJ,52.49999 5.0786,52.51464 5.04335,08/08/2011 04:30,5,3
37.912,201108080445,-56.0,-56.0,2.89575,5.0786,52.49999,5.04335,52.51464,ImjW-VUDJ,52.49999 5.0786,52.51464 5.04335,08/08/2011 04:45,5,3
37.912,201108080500,-57.0,-55.0,2.89575,5.0786,52.49999,5.04335,52.51464,ImjW-VUDJ,52.49999 5.0786,52.51464 5.04335,08/08/2011 05:00,5,3
37.912,201108080515,-56.0,-55.0,2.89575,5.0786,52.49999,5.04335,52.51464,ImjW-VUDJ,52.49999 5.0786,52.51464 5.04335,08/08/2011 05:15,5,3
37.912,201108080530,-56.0,-55.0,2.89575,5.0786,52.49999,5.04335,52.51464,ImjW-VUDJ,52.49999 5.0786,52.51464 5.04335,08/08/2011 05:30,5,3
37.912,201108080545,-57.0,-56.0,2.89575,5.0786,52.49999,5.04335,52.51464,ImjW-VUDJ,52.49999 5.0786,52.51464 5.04335,08/08/2011 05:45,5,3
37.912,201108080600,-57.0,-55.0,2.89575,5.0786,52.49999,5.04335,52.51464,ImjW-VUDJ,52.49999 5.0786,52.51464 5.04335,08/08/2011 06:00,5,3
37.912,201108080615,-55.0,-55.0,2.89575,5.0786,52.49999,5.04335,52.51464,ImjW-VUDJ,52.49999 5.0786,52.51464 5.04335,08/08/2011 06:15,5,3
37.912,201108080630,-56.0,-55.0,2.89575,5.0786,52.49999,5.04335,52.51464,ImjW-VUDJ,52.49999 5.0786,52.51464 5.04335,08/08/2011 06:30,5,3
37.912,201108080645,-56.0,-54.0,2.89575,5.0786,52.49999,5.04335,52.51464,ImjW-VUDJ,52.49999 5.0786,52.51464 5.04335,08/08/2011 06:45,5,3
37.912,201108080700,-55.0,-54.0,2.89575,5.0786,52.49999,5.04335,52.51464,ImjW-VUDJ,52.49999 5.0786,52.51464 5.04335,08/08/2011 07:00,5,3
37.912,201108080715,-56.0,-55.0,2.89575,5.0786,52.49999,5.04335,52.51464,ImjW-VUDJ,52.49999 5.0786,52.51464 5.04335,08/08/2011 07:15,5,3
37.912,201108080730,-56.0,-54.0,2.89575,5.0786,52.49999,5.04335,52.51464,ImjW-VUDJ,52.49999 5.0786,52.51464 5.04335,08/08/2011 07:30,5,3
37.912,201108080745,-54.0,-54.0,2.89575,5.0786,52.49999,5.04335,52.51464,ImjW-VUDJ,52.49999 5.0786,52.51464 5.04335,08/08/2011 07:45,5,3
37.912,201108080800,-54.0,-54.0,2.89575,5.0786,52.49999,5.04335,52.51464,ImjW-VUDJ,52.49999 5.0786,52.51464 5.04335,08/08/2011 08:00,5,3
37.912,201108080815,-54.0,-54.0,2.89575,5.0786,52.49999,5.04335,52.51464,ImjW-VUDJ,52.49999 5.0786,52.51464 5.04335,08/08/2011 08:15,5,3
37.912,201108080830,-54.0,-54.0,2.89575,5.0786,52.49999,5.04335,52.51464,ImjW-VUDJ,52.49999 5.0786,52.51464 5.04335,08/08/2011 08:30,5,3
37.912,201108080845,-54.0,-54.0,2.89575,5.0786,52.49999,5.04335,52.51464,ImjW-VUDJ,52.49999 5.0786,52.51464 5.04335,08/08/2011 08:45,5,3
37.912,201108080900,-54.0,-53.0,2.89575,5.0786,52.49999,5.04335,52.51464,ImjW-VUDJ,52.49999 5.0786,52.51464 5.04335,08/08/2011 09:00,5,3
37.912,201108080915,-54.0,-53.0,2.89575,5.0786,52.49999,5.04335,52.51464,ImjW-VUDJ,52.49999 5.0786,52.51464 5.04335,08/08/2011 09:15,5,3
37.912,201108080930,-54.0,-53.0,2.89575,5.0786,52.49999,5.04335,52.51464,ImjW-VUDJ,52.49999 5.0786,52.51464 5.04335,08/08/2011 09:30,5,3
37.912,201108080945,-54.0,-53.0,2.89575,5.0786,52.49999,5.04335,52.51464,ImjW-VUDJ,52.49999 5.0786,52.51464 5.04335,08/08/2011 09:45,5,3
37.912,201108081000,-54.0,-53.0,2.89575,5.0786,52.49999,5.04335,52.51464,ImjW-VUDJ,52.49999 5.0786,52.51464 5.04335,08/08/2011 10:00,5,3
37.912,201108081015,-54.0,-53.0,2.89575,5.0786,52.49999,5.04335,52.51464,ImjW-VUDJ,52.49999 5.0786,52.51464 5.04335,08/08/2011 10:15,5,3
37.912,201108081030,-54.0,-53.0,2.89575,5.0786,52.49999,5.04335,52.51464,ImjW-VUDJ,52.49999 5.0786,52.51464 5.04335,08/08/2011 10:30,5,3
37.912,201108081045,-54.0,-53.0,2.89575,5.0786,52.49999,5.04335,52.51464,ImjW-VUDJ,52.49999 5.0786,52.51464 5.04335,08/08/2011 10:45,5,3
37.912,201108081100,-58.0,-53.0,2.89575,5.0786,52.49999,5.04335,52.51464,ImjW-VUDJ,52.49999 5.0786,52.51464 5.04335,08/08/2011 11:00,5,3
37.912,201108081115,-56.0,-53.0,2.89575,5.0786,52.49999,5.04335,52.51464,ImjW-VUDJ,52.49999 5.0786,52.51464 5.04335,08/08/2011 11:15,5,3
37.912,201108081130,-54.0,-53.0,2.89575,5.0786,52.49999,5.04335,52.51464,ImjW-VUDJ,52.49999 5.0786,52.51464 5.04335,08/08/2011 11:30,5,3
37.912,201108081145,-55.0,-53.0,2.89575,5.0786,52.49999,5.04335,52.51464,ImjW-VUDJ,52.49999 5.0786,52.51464 5.04335,08/08/2011 11:45,5,3
37.912,201108081200,-54.0,-53.0,2.89575,5.0786,52.49999,5.04335,52.51464,ImjW-VUDJ,52.49999 5.0786,52.51464 5.04335,08/08/2011 12:00,5,3
37.912,201108081215,-54.0,-53.0,2.89575,5.0786,52.49999,5.04335,52.51464,ImjW-VUDJ,52.49999 5.0786,52.51464 5.04335,08/08/2011 12:15,5,3
37.912,201108081230,-54.0,-53.0,2.89575,5.0786,52.49999,5.04335,52.51464,ImjW-VUDJ,52.49999 5.0786,52.51464 5.04335,08/08/2011 12:30,5,3
37.912,201108081245,-54.0,-53.0,2.89575,5.0786,52.49999,5.04335,52.51464,ImjW-VUDJ,52.49999 5.0786,52.51464 5.04335,08/08/2011 12:45,5,3
37.912,201108081300,-54.0,-53.0,2.89575,5.0786,52.49999,5.04335,52.51464,ImjW-VUDJ,52.49999 5.0786,52.51464 5.04335,08/08/2011 13:00,5,3
37.912,201108081315,-54.0,-53.0,2.89575,5.0786,52.49999,5.04335,52.51464,ImjW-VUDJ,52.49999 5.0786,52.51464 5.04335,08/08/2011 13:15,5,3
37.912,201108081330,-54.0,-53.0,2.89575,5.0786,52.49999,5.04335,52.51464,ImjW-VUDJ,52.49999 5.0786,52.51464 5.04335,08/08/2011 13:30,5,3
37.912,201108081345,-54.0,-53.0,2.89575,5.0786,52.49999,5.04335,52.51464,ImjW-VUDJ,52.49999 5.0786,52.51464 5.04335,08/08/2011 13:45,5,3
37.912,201108081400,-54.0,-53.0,2.89575,5.0786,52.49999,5.04335,52.51464,ImjW-VUDJ,52.49999 5.0786,52.51464 5.04335,08/08/2011 14:00,5,3
37.912,201108081415,-54.0,-53.0,2.89575,5.0786,52.49999,5.04335,52.51464,ImjW-VUDJ,52.49999 5.0786,52.51464 5.04335,08/08/2011 14:15,5,3
37.912,201108081430,-54.0,-53.0,2.89575,5.0786,52.49999,5.04335,52.51464,ImjW-VUDJ,52.49999 5.0786,52.51464 5.04335,08/08/2011 14:30,5,3
37.912,201108081445,-54.0,-53.0,2.89575,5.0786,52.49999,5.04335,52.51464,ImjW-VUDJ,52.49999 5.0786,52.51464 5.04335,08/08/2011 14:45,5,3
37.912,201108081500,-54.0,-53.0,2.89575,5.0786,52.49999,5.04335,52.51464,ImjW-VUDJ,52.49999 5.0786,52.51464 5.04335,08/08/2011 15:00,5,3
37.912,201108081515,-54.0,-53.0,2.89575,5.0786,52.49999,5.04335,52.51464,ImjW-VUDJ,52.49999 5.0786,52.51464 5.04335,08/08/2011 15:15,5,3
37.912,201108081530,-54.0,-53.0,2.89575,5.0786,52.49999,5.04335,52.51464,ImjW-VUDJ,52.49999 5.0786,52.51464 5.04335,08/08/2011 15:30,5,3
37.912,201108081545,-54.0,-53.0,2.89575,5.0786,52.49999,5.04335,52.51464,ImjW-VUDJ,52.49999 5.0786,52.51464 5.04335,08/08/2011 15:45,5,3
37.912,201108081600,-54.0,-53.0,2.89575,5.0786,52.49999,5.04335,52.51464,ImjW-VUDJ,52.49999 5.0786,52.51464 5.04335,08/08/2011 16:00,5,3
37.912,201108081630,-54.0,-53.0,2.89575,5.0786,52.49999,5.04335,52.51464,ImjW-VUDJ,52.49999 5.0786,52.51464 5.04335,08/08/2011 16:30,5,3
37.912,201108081645,-54.0,-53.0,2.89575,5.0786,52.49999,5.04335,52.51464,ImjW-VUDJ,52.49999 5.0786,52.51464 5.04335,08/08/2011 16:45,5,3
37.912,201108081700,-54.0,-53.0,2.89575,5.0786,52.49999,5.04335,52.51464,ImjW-VUDJ,52.49999 5.0786,52.51464 5.04335,08/08/2011 17:00,5,3
37.912,201108081715,-56.0,-53.0,2.89575,5.0786,52.49999,5.04335,52.51464,ImjW-VUDJ,52.49999 5.0786,52.51464 5.04335,08/08/2011 17:15,5,3
37.912,201108081730,-58.0,-55.0,2.89575,5.0786,52.49999,5.04335,52.51464,ImjW-VUDJ,52.49999 5.0786,52.51464 5.04335,08/08/2011 17:30,5,3
37.912,201108081745,-55.0,-54.0,2.89575,5.0786,52.49999,5.04335,52.51464,ImjW-VUDJ,52.49999 5.0786,52.51464 5.04335,08/08/2011 17:45,5,3
37.912,201108081800,-56.0,-54.0,2.89575,5.0786,52.49999,5.04335,52.51464,ImjW-VUDJ,52.49999 5.0786,52.51464 5.04335,08/08/2011 18:00,5,3
37.912,201108081815,-67.0,-55.0,2.89575,5.0786,52.49999,5.04335,52.51464,ImjW-VUDJ,52.49999 5.0786,52.51464 5.04335,08/08/2011 18:15,5,3
37.912,201108081830,-72.0,-54.0,2.89575,5.0786,52.49999,5.04335,52.51464,ImjW-VUDJ,52.49999 5.0786,52.51464 5.04335,08/08/2011 18:30,5,3
37.912,201108081845,-55.0,-54.0,2.89575,5.0786,52.49999,5.04335,52.51464,ImjW-VUDJ,52.49999 5.0786,52.51464 5.04335,08/08/2011 18:45,5,3
37.912,201108081900,-55.0,-54.0,2.89575,5.0786,52.49999,5.04335,52.51464,ImjW-VUDJ,52.49999 5.0786,52.51464 5.04335,08/08/2011 19:00,5,3
37.912,201108081915,-55.0,-54.0,2.89575,5.0786,52.49999,5.04335,52.51464,ImjW-VUDJ,52.49999 5.0786,52.51464 5.04335,08/08/2011 19:15,5,3
37.912,201108081930,-54.0,-54.0,2.89575,5.0786,52.49999,5.04335,52.51464,ImjW-VUDJ,52.49999 5.0786,52.51464 5.04335,08/08/2011 19:30,5,3
37.912,201108081945,-54.0,-54.0,2.89575,5.0786,52.49999,5.04335,52.51464,ImjW-VUDJ,52.49999 5.0786,52.51464 5.04335,08/08/2011 19:45,5,3
37.912,201108082000,-54.0,-54.0,2.89575,5.0786,52.49999,5.04335,52.51464,ImjW-VUDJ,52.49999 5.0786,52.51464 5.04335,08/08/2011 20:00,5,3
37.912,201108082015,-56.0,-54.0,2.89575,5.0786,52.49999,5.04335,52.51464,ImjW-VUDJ,52.49999 5.0786,52.51464 5.04335,08/08/2011 20:15,5,3
37.912,201108082030,-57.0,-55.0,2.89575,5.0786,52.49999,5.04335,52.51464,ImjW-VUDJ,52.49999 5.0786,52.51464 5.04335,08/08/2011 20:30,5,3
37.912,201108082045,-56.0,-54.0,2.89575,5.0786,52.49999,5.04335,52.51464,ImjW-VUDJ,52.49999 5.0786,52.51464 5.04335,08/08/2011 20:45,5,3
37.912,201108082100,-55.0,-54.0,2.89575,5.0786,52.49999,5.04335,52.51464,ImjW-VUDJ,52.49999 5.0786,52.51464 5.04335,08/08/2011 21:00,5,3
37.912,201108082115,-54.0,-54.0,2.89575,5.0786,52.49999,5.04335,52.51464,ImjW-VUDJ,52.49999 5.0786,52.51464 5.04335,08/08/2011 21:15,5,3
37.912,201108082130,-54.0,-54.0,2.89575,5.0786,52.49999,5.04335,52.51464,ImjW-VUDJ,52.49999 5.0786,52.51464 5.04335,08/08/2011 21:30,5,3
37.912,201108082145,-54.0,-54.0,2.89575,5.0786,52.49999,5.04335,52.51464,ImjW-VUDJ,52.49999 5.0786,52.51464 5.04335,08/08/2011 21:45,5,3
37.912,201108082200,-54.0,-53.0,2.89575,5.0786,52.49999,5.04335,52.51464,ImjW-VUDJ,52.49999 5.0786,52.51464 5.04335,08/08/2011 22:00,5,3
37.912,201108082215,-54.0,-53.0,2.89575,5.0786,52.49999,5.04335,52.51464,ImjW-VUDJ,52.49999 5.0786,52.51464 5.04335,08/08/2011 22:15,5,3
37.912,201108082230,-54.0,-53.0,2.89575,5.0786,52.49999,5.04335,52.51464,ImjW-VUDJ,52.49999 5.0786,52.51464 5.04335,08/08/2011 22:30,5,3
37.912,201108082245,-54.0,-53.0,2.89575,5.0786,52.49999,5.04335,52.51464,ImjW-VUDJ,52.49999 5.0786,52.51464 5.04335,08/08/2011 22:45,5,3
37.912,201108082300,-54.0,-53.0,2.89575,5.0786,52.49999,5.04335,52.51464,ImjW-VUDJ,52.49999 5.0786,52.51464 5.04335,08/08/2011 23:00,5,3
37.912,201108082315,-55.0,-53.0,2.89575,5.0786,52.49999,5.04335,52.51464,ImjW-VUDJ,52.49999 5.0786,52.51464 5.04335,08/08/2011 23:15,5,3
37.912,201108082330,-55.0,-54.0,2.89575,5.0786,52.49999,5.04335,52.51464,ImjW-VUDJ,52.49999 5.0786,52.51464 5.04335,08/08/2011 23:30,5,3
37.912,201108082345,-54.0,-54.0,2.89575,5.0786,52.49999,5.04335,52.51464,ImjW-VUDJ,52.49999 5.0786,52.51464 5.04335,08/08/2011 23:45,5,3
37.912,201108090000,-54.0,-53.0,2.89575,5.0786,52.49999,5.04335,52.51464,ImjW-VUDJ,52.49999 5.0786,52.51464 5.04335,09/08/2011 00:00,5,3
37.912,201108090015,-58.0,-54.0,2.89575,5.0786,52.49999,5.04335,52.51464,ImjW-VUDJ,52.49999 5.0786,52.51464 5.04335,09/08/2011 00:15,5,3
37.912,201108090030,-64.0,-55.0,2.89575,5.0786,52.49999,5.04335,52.51464,ImjW-VUDJ,52.49999 5.0786,52.51464 5.04335,09/08/2011 00:30,5,3
37.912,201108090045,-60.0,-54.0,2.89575,5.0786,52.49999,5.04335,52.51464,ImjW-VUDJ,52.49999 5.0786,52.51464 5.04335,09/08/2011 00:45,5,3
37.912,201108090100,-55.0,-54.0,2.89575,5.0786,52.49999,5.04335,52.51464,ImjW-VUDJ,52.49999 5.0786,52.51464 5.04335,09/08/2011 01:00,5,3
37.912,201108090115,-55.0,-54.0,2.89575,5.0786,52.49999,5.04335,52.51464,ImjW-VUDJ,52.49999 5.0786,52.51464 5.04335,09/08/2011 01:15,5,3
37.912,201108090130,-55.0,-54.0,2.89575,5.0786,52.49999,5.04335,52.51464,ImjW-VUDJ,52.49999 5.0786,52.51464 5.04335,09/08/2011 01:30,5,3
37.912,201108090145,-55.0,-54.0,2.89575,5.0786,52.49999,5.04335,52.51464,ImjW-VUDJ,52.49999 5.0786,52.51464 5.04335,09/08/2011 01:45,5,3
37.912,201108090200,-55.0,-54.0,2.89575,5.0786,52.49999,5.04335,52.51464,ImjW-VUDJ,52.49999 5.0786,52.51464 5.04335,09/08/2011 02:00,5,3
37.912,201108090215,-55.0,-54.0,2.89575,5.0786,52.49999,5.04335,52.51464,ImjW-VUDJ,52.49999 5.0786,52.51464 5.04335,09/08/2011 02:15,5,3
37.912,201108090230,-54.0,-54.0,2.89575,5.0786,52.49999,5.04335,52.51464,ImjW-VUDJ,52.49999 5.0786,52.51464 5.04335,09/08/2011 02:30,5,3
37.912,201108090245,-62.0,-54.0,2.89575,5.0786,52.49999,5.04335,52.51464,ImjW-VUDJ,52.49999 5.0786,52.51464 5.04335,09/08/2011 02:45,5,3
37.912,201108090300,-62.0,-54.0,2.89575,5.0786,52.49999,5.04335,52.51464,ImjW-VUDJ,52.49999 5.0786,52.51464 5.04335,09/08/2011 03:00,5,3
37.912,201108090315,-58.0,-54.0,2.89575,5.0786,52.49999,5.04335,52.51464,ImjW-VUDJ,52.49999 5.0786,52.51464 5.04335,09/08/2011 03:15,5,3
37.912,201108090330,-55.0,-54.0,2.89575,5.0786,52.49999,5.04335,52.51464,ImjW-VUDJ,52.49999 5.0786,52.51464 5.04335,09/08/2011 03:30,5,3
37.912,201108090345,-59.0,-55.0,2.89575,5.0786,52.49999,5.04335,52.51464,ImjW-VUDJ,52.49999 5.0786,52.51464 5.04335,09/08/2011 03:45,5,3
37.912,201108090400,-58.0,-55.0,2.89575,5.0786,52.49999,5.04335,52.51464,ImjW-VUDJ,52.49999 5.0786,52.51464 5.04335,09/08/2011 04:00,5,3
37.912,201108090415,-58.0,-55.0,2.89575,5.0786,52.49999,5.04335,52.51464,ImjW-VUDJ,52.49999 5.0786,52.51464 5.04335,09/08/2011 04:15,5,3
37.912,201108090430,-55.0,-54.0,2.89575,5.0786,52.49999,5.04335,52.51464,ImjW-VUDJ,52.49999 5.0786,52.51464 5.04335,09/08/2011 04:30,5,3
37.912,201108090445,-55.0,-54.0,2.89575,5.0786,52.49999,5.04335,52.51464,ImjW-VUDJ,52.49999 5.0786,52.51464 5.04335,09/08/2011 04:45,5,3
37.912,201108090500,-55.0,-54.0,2.89575,5.0786,52.49999,5.04335,52.51464,ImjW-VUDJ,52.49999 5.0786,52.51464 5.04335,09/08/2011 05:00,5,3
37.912,201108090515,-55.0,-54.0,2.89575,5.0786,52.49999,5.04335,52.51464,ImjW-VUDJ,52.49999 5.0786,52.51464 5.04335,09/08/2011 05:15,5,3
37.912,201108090530,-54.0,-54.0,2.89575,5.0786,52.49999,5.04335,52.51464,ImjW-VUDJ,52.49999 5.0786,52.51464 5.04335,09/08/2011 05:30,5,3
37.912,201108090545,-54.0,-54.0,2.89575,5.0786,52.49999,5.04335,52.51464,ImjW-VUDJ,52.49999 5.0786,52.51464 5.04335,09/08/2011 05:45,5,3
37.912,201108090600,-54.0,-54.0,2.89575,5.0786,52.49999,5.04335,52.51464,ImjW-VUDJ,52.49999 5.0786,52.51464 5.04335,09/08/2011 06:00,5,3
37.912,201108090615,-54.0,-53.0,2.89575,5.0786,52.49999,5.04335,52.51464,ImjW-VUDJ,52.49999 5.0786,52.51464 5.04335,09/08/2011 06:15,5,3
37.912,201108090630,-54.0,-53.0,2.89575,5.0786,52.49999,5.04335,52.51464,ImjW-VUDJ,52.49999 5.0786,52.51464 5.04335,09/08/2011 06:30,5,3
37.912,201108090645,-54.0,-53.0,2.89575,5.0786,52.49999,5.04335,52.51464,ImjW-VUDJ,52.49999 5.0786,52.51464 5.04335,09/08/2011 06:45,5,3
37.912,201108090700,-54.0,-53.0,2.89575,5.0786,52.49999,5.04335,52.51464,ImjW-VUDJ,52.49999 5.0786,52.51464 5.04335,09/08/2011 07:00,5,3
37.912,201108090715,-54.0,-53.0,2.89575,5.0786,52.49999,5.04335,52.51464,ImjW-VUDJ,52.49999 5.0786,52.51464 5.04335,09/08/2011 07:15,5,3
37.912,201108090730,-54.0,-53.0,2.89575,5.0786,52.49999,5.04335,52.51464,ImjW-VUDJ,52.49999 5.0786,52.51464 5.04335,09/08/2011 07:30,5,3
37.912,201108090745,-54.0,-53.0,2.89575,5.0786,52.49999,5.04335,52.51464,ImjW-VUDJ,52.49999 5.0786,52.51464 5.04335,09/08/2011 07:45,5,3
37.912,201108090800,-54.0,-53.0,2.89575,5.0786,52.49999,5.04335,52.51464,ImjW-VUDJ,52.49999 5.0786,52.51464 5.04335,09/08/2011 08:00,5,3
37.912,201108120815,-54.0,-54.0,2.89575,5.0786,52.49999,5.04335,52.51464,ImjW-VUDJ,52.49999 5.0786,52.51464 5.04335,12/08/2011 08:15,5,3
37.912,201108120830,-57.0,-54.0,2.89575,5.0786,52.49999,5.04335,52.51464,ImjW-VUDJ,52.49999 5.0786,52.51464 5.04335,12/08/2011 08:30,5,3
37.912,201108120845,-55.0,-54.0,2.89575,5.0786,52.49999,5.04335,52.51464,ImjW-VUDJ,52.49999 5.0786,52.51464 5.04335,12/08/2011 08:45,5,3
37.912,201108120900,-56.0,-54.0,2.89575,5.0786,52.49999,5.04335,52.51464,ImjW-VUDJ,52.49999 5.0786,52.51464 5.04335,12/08/2011 09:00,5,3
37.912,201108120915,-55.0,-54.0,2.89575,5.0786,52.49999,5.04335,52.51464,ImjW-VUDJ,52.49999 5.0786,52.51464 5.04335,12/08/2011 09:15,5,3
37.912,201108120930,-55.0,-54.0,2.89575,5.0786,52.49999,5.04335,52.51464,ImjW-VUDJ,52.49999 5.0786,52.51464 5.04335,12/08/2011 09:30,5,3
37.912,201108120945,-56.0,-54.0,2.89575,5.0786,52.49999,5.04335,52.51464,ImjW-VUDJ,52.49999 5.0786,52.51464 5.04335,12/08/2011 09:45,5,3
37.912,201108121000,-55.0,-54.0,2.89575,5.0786,52.49999,5.04335,52.51464,ImjW-VUDJ,52.49999 5.0786,52.51464 5.04335,12/08/2011 10:00,5,3
37.912,201108121015,-54.0,-54.0,2.89575,5.0786,52.49999,5.04335,52.51464,ImjW-VUDJ,52.49999 5.0786,52.51464 5.04335,12/08/2011 10:15,5,3
37.912,201108121030,-54.0,-54.0,2.89575,5.0786,52.49999,5.04335,52.51464,ImjW-VUDJ,52.49999 5.0786,52.51464 5.04335,12/08/2011 10:30,5,3
37.912,201108121045,-54.0,-54.0,2.89575,5.0786,52.49999,5.04335,52.51464,ImjW-VUDJ,52.49999 5.0786,52.51464 5.04335,12/08/2011 10:45,5,3
37.912,201108121100,-54.0,-53.0,2.89575,5.0786,52.49999,5.04335,52.51464,ImjW-VUDJ,52.49999 5.0786,52.51464 5.04335,12/08/2011 11:00,5,3
37.912,201108121115,-54.0,-53.0,2.89575,5.0786,52.49999,5.04335,52.51464,ImjW-VUDJ,52.49999 5.0786,52.51464 5.04335,12/08/2011 11:15,5,3
37.912,201108121130,-54.0,-53.0,2.89575,5.0786,52.49999,5.04335,52.51464,ImjW-VUDJ,52.49999 5.0786,52.51464 5.04335,12/08/2011 11:30,5,3
37.912,201108121145,-54.0,-53.0,2.89575,5.0786,52.49999,5.04335,52.51464,ImjW-VUDJ,52.49999 5.0786,52.51464 5.04335,12/08/2011 11:45,5,3
37.912,201108121200,-54.0,-54.0,2.89575,5.0786,52.49999,5.04335,52.51464,ImjW-VUDJ,52.49999 5.0786,52.51464 5.04335,12/08/2011 12:00,5,3
37.912,201108121215,-54.0,-53.0,2.89575,5.0786,52.49999,5.04335,52.51464,ImjW-VUDJ,52.49999 5.0786,52.51464 5.04335,12/08/2011 12:15,5,3
37.912,201108121230,-54.0,-53.0,2.89575,5.0786,52.49999,5.04335,52.51464,ImjW-VUDJ,52.49999 5.0786,52.51464 5.04335,12/08/2011 12:30,5,3
37.912,201108121245,-54.0,-53.0,2.89575,5.0786,52.49999,5.04335,52.51464,ImjW-VUDJ,52.49999 5.0786,52.51464 5.04335,12/08/2011 12:45,5,3
37.912,201108121300,-54.0,-53.0,2.89575,5.0786,52.49999,5.04335,52.51464,ImjW-VUDJ,52.49999 5.0786,52.51464 5.04335,12/08/2011 13:00,5,3
37.912,201108121315,-54.0,-53.0,2.89575,5.0786,52.49999,5.04335,52.51464,ImjW-VUDJ,52.49999 5.0786,52.51464 5.04335,12/08/2011 13:15,5,3
37.912,201108121330,-54.0,-53.0,2.89575,5.0786,52.49999,5.04335,52.51464,ImjW-VUDJ,52.49999 5.0786,52.51464 5.04335,12/08/2011 13:30,5,3
37.912,201108121345,-54.0,-53.0,2.89575,5.0786,52.49999,5.04335,52.51464,ImjW-VUDJ,52.49999 5.0786,52.51464 5.04335,12/08/2011 13:45,5,3
37.912,201108121400,-54.0,-53.0,2.89575,5.0786,52.49999,5.04335,52.51464,ImjW-VUDJ,52.49999 5.0786,52.51464 5.04335,12/08/2011 14:00,5,3
37.912,201108121415,-54.0,-53.0,2.89575,5.0786,52.49999,5.04335,52.51464,ImjW-VUDJ,52.49999 5.0786,52.51464 5.04335,12/08/2011 14:15,5,3
37.912,201108121430,-54.0,-53.0,2.89575,5.0786,52.49999,5.04335,52.51464,ImjW-VUDJ,52.49999 5.0786,52.51464 5.04335,12/08/2011 14:30,5,3
37.912,201108121445,-54.0,-53.0,2.89575,5.0786,52.49999,5.04335,52.51464,ImjW-VUDJ,52.49999 5.0786,52.51464 5.04335,12/08/2011 14:45,5,3
37.912,201108121500,-54.0,-53.0,2.89575,5.0786,52.49999,5.04335,52.51464,ImjW-VUDJ,52.49999 5.0786,52.51464 5.04335,12/08/2011 15:00,5,3
37.912,201108121515,-54.0,-53.0,2.89575,5.0786,52.49999,5.04335,52.51464,ImjW-VUDJ,52.49999 5.0786,52.51464 5.04335,12/08/2011 15:15,5,3
37.912,201108121530,-54.0,-53.0,2.89575,5.0786,52.49999,5.04335,52.51464,ImjW-VUDJ,52.49999 5.0786,52.51464 5.04335,12/08/2011 15:30,5,3
37.912,201108121545,-54.0,-53.0,2.89575,5.0786,52.49999,5.04335,52.51464,ImjW-VUDJ,52.49999 5.0786,52.51464 5.04335,12/08/2011 15:45,5,3
37.912,201108121600,-54.0,-53.0,2.89575,5.0786,52.49999,5.04335,52.51464,ImjW-VUDJ,52.49999 5.0786,52.51464 5.04335,12/08/2011 16:00,5,3
37.912,201108121630,-54.0,-53.0,2.89575,5.0786,52.49999,5.04335,52.51464,ImjW-VUDJ,52.49999 5.0786,52.51464 5.04335,12/08/2011 16:30,5,3
37.912,201108121645,-54.0,-53.0,2.89575,5.0786,52.49999,5.04335,52.51464,ImjW-VUDJ,52.49999 5.0786,52.51464 5.04335,12/08/2011 16:45,5,3
37.912,201108121700,-54.0,-53.0,2.89575,5.0786,52.49999,5.04335,52.51464,ImjW-VUDJ,52.49999 5.0786,52.51464 5.04335,12/08/2011 17:00,5,3
37.912,201108121715,-54.0,-53.0,2.89575,5.0786,52.49999,5.04335,52.51464,ImjW-VUDJ,52.49999 5.0786,52.51464 5.04335,12/08/2011 17:15,5,3
37.912,201108121730,-54.0,-53.0,2.89575,5.0786,52.49999,5.04335,52.51464,ImjW-VUDJ,52.49999 5.0786,52.51464 5.04335,12/08/2011 17:30,5,3
37.912,201108121745,-54.0,-53.0,2.89575,5.0786,52.49999,5.04335,52.51464,ImjW-VUDJ,52.49999 5.0786,52.51464 5.04335,12/08/2011 17:45,5,3
37.912,201108121800,-54.0,-53.0,2.89575,5.0786,52.49999,5.04335,52.51464,ImjW-VUDJ,52.49999 5.0786,52.51464 5.04335,12/08/2011 18:00,5,3
37.912,201108121815,-54.0,-53.0,2.89575,5.0786,52.49999,5.04335,52.51464,ImjW-VUDJ,52.49999 5.0786,52.51464 5.04335,12/08/2011 18:15,5,3
37.912,201108121830,-54.0,-53.0,2.89575,5.0786,52.49999,5.04335,52.51464,ImjW-VUDJ,52.49999 5.0786,52.51464 5.04335,12/08/2011 18:30,5,3
37.912,201108121845,-54.0,-53.0,2.89575,5.0786,52.49999,5.04335,52.51464,ImjW-VUDJ,52.49999 5.0786,52.51464 5.04335,12/08/2011 18:45,5,3
37.912,201108121900,-54.0,-53.0,2.89575,5.0786,52.49999,5.04335,52.51464,ImjW-VUDJ,52.49999 5.0786,52.51464 5.04335,12/08/2011 19:00,5,3
37.912,201108121915,-55.0,-54.0,2.89575,5.0786,52.49999,5.04335,52.51464,ImjW-VUDJ,52.49999 5.0786,52.51464 5.04335,12/08/2011 19:15,5,3
37.912,201108121930,-54.0,-54.0,2.89575,5.0786,52.49999,5.04335,52.51464,ImjW-VUDJ,52.49999 5.0786,52.51464 5.04335,12/08/2011 19:30,5,3
37.912,201108121945,-54.0,-54.0,2.89575,5.0786,52.49999,5.04335,52.51464,ImjW-VUDJ,52.49999 5.0786,52.51464 5.04335,12/08/2011 19:45,5,3
37.912,201108122000,-54.0,-54.0,2.89575,5.0786,52.49999,5.04335,52.51464,ImjW-VUDJ,52.49999 5.0786,52.51464 5.04335,12/08/2011 20:00,5,3
37.912,201108122015,-54.0,-54.0,2.89575,5.0786,52.49999,5.04335,52.51464,ImjW-VUDJ,52.49999 5.0786,52.51464 5.04335,12/08/2011 20:15,5,3
37.912,201108122030,-54.0,-54.0,2.89575,5.0786,52.49999,5.04335,52.51464,ImjW-VUDJ,52.49999 5.0786,52.51464 5.04335,12/08/2011 20:30,5,3
37.912,201108122045,-54.0,-54.0,2.89575,5.0786,52.49999,5.04335,52.51464,ImjW-VUDJ,52.49999 5.0786,52.51464 5.04335,12/08/2011 20:45,5,3
37.912,201108122100,-54.0,-54.0,2.89575,5.0786,52.49999,5.04335,52.51464,ImjW-VUDJ,52.49999 5.0786,52.51464 5.04335,12/08/2011 21:00,5,3
37.912,201108122115,-54.0,-54.0,2.89575,5.0786,52.49999,5.04335,52.51464,ImjW-VUDJ,52.49999 5.0786,52.51464 5.04335,12/08/2011 21:15,5,3
37.912,201108122130,-54.0,-54.0,2.89575,5.0786,52.49999,5.04335,52.51464,ImjW-VUDJ,52.49999 5.0786,52.51464 5.04335,12/08/2011 21:30,5,3
37.912,201108122145,-54.0,-54.0,2.89575,5.0786,52.49999,5.04335,52.51464,ImjW-VUDJ,52.49999 5.0786,52.51464 5.04335,12/08/2011 21:45,5,3
37.912,201108122200,-54.0,-54.0,2.89575,5.0786,52.49999,5.04335,52.51464,ImjW-VUDJ,52.49999 5.0786,52.51464 5.04335,12/08/2011 22:00,5,3
37.912,201108122215,-54.0,-54.0,2.89575,5.0786,52.49999,5.04335,52.51464,ImjW-VUDJ,52.49999 5.0786,52.51464 5.04335,12/08/2011 22:15,5,3
37.912,201108122230,-54.0,-54.0,2.89575,5.0786,52.49999,5.04335,52.51464,ImjW-VUDJ,52.49999 5.0786,52.51464 5.04335,12/08/2011 22:30,5,3
37.912,201108122245,-54.0,-54.0,2.89575,5.0786,52.49999,5.04335,52.51464,ImjW-VUDJ,52.49999 5.0786,52.51464 5.04335,12/08/2011 22:45,5,3
37.912,201108122300,-54.0,-54.0,2.89575,5.0786,52.49999,5.04335,52.51464,ImjW-VUDJ,52.49999 5.0786,52.51464 5.04335,12/08/2011 23:00,5,3
37.912,201108122315,-54.0,-54.0,2.89575,5.0786,52.49999,5.04335,52.51464,ImjW-VUDJ,52.49999 5.0786,52.51464 5.04335,12/08/2011 23:15,5,3
37.912,201108122330,-54.0,-54.0,2.89575,5.0786,52.49999,5.04335,52.51464,ImjW-VUDJ,52.49999 5.0786,52.51464 5.04335,12/08/2011 23:30,5,3
37.912,201108122345,-54.0,-53.0,2.89575,5.0786,52.49999,5.04335,52.51464,ImjW-VUDJ,52.49999 5.0786,52.51464 5.04335,12/08/2011 23:45,5,3
37.912,201108130000,-54.0,-53.0,2.89575,5.0786,52.49999,5.04335,52.51464,ImjW-VUDJ,52.49999 5.0786,52.51464 5.04335,13/08/2011 00:00,5,3
37.912,201108130015,-54.0,-53.0,2.89575,5.0786,52.49999,5.04335,52.51464,ImjW-VUDJ,52.49999 5.0786,52.51464 5.04335,13/08/2011 00:15,5,3
37.912,201108130030,-54.0,-54.0,2.89575,5.0786,52.49999,5.04335,52.51464,ImjW-VUDJ,52.49999 5.0786,52.51464 5.04335,13/08/2011 00:30,5,3
37.912,201108130045,-55.0,-53.0,2.89575,5.0786,52.49999,5.04335,52.51464,ImjW-VUDJ,52.49999 5.0786,52.51464 5.04335,13/08/2011 00:45,5,3
37.912,201108130100,-54.0,-53.0,2.89575,5.0786,52.49999,5.04335,52.51464,ImjW-VUDJ,52.49999 5.0786,52.51464 5.04335,13/08/2011 01:00,5,3
37.912,201108130115,-54.0,-53.0,2.89575,5.0786,52.49999,5.04335,52.51464,ImjW-VUDJ,52.49999 5.0786,52.51464 5.04335,13/08/2011 01:15,5,3
37.912,201108130130,-54.0,-53.0,2.89575,5.0786,52.49999,5.04335,52.51464,ImjW-VUDJ,52.49999 5.0786,52.51464 5.04335,13/08/2011 01:30,5,3
37.912,201108130145,-54.0,-53.0,2.89575,5.0786,52.49999,5.04335,52.51464,ImjW-VUDJ,52.49999 5.0786,52.51464 5.04335,13/08/2011 01:45,5,3
37.912,201108130200,-54.0,-53.0,2.89575,5.0786,52.49999,5.04335,52.51464,ImjW-VUDJ,52.49999 5.0786,52.51464 5.04335,13/08/2011 02:00,5,3
37.912,201108130215,-54.0,-52.0,2.89575,5.0786,52.49999,5.04335,52.51464,ImjW-VUDJ,52.49999 5.0786,52.51464 5.04335,13/08/2011 02:15,5,3
37.912,201108130230,-54.0,-53.0,2.89575,5.0786,52.49999,5.04335,52.51464,ImjW-VUDJ,52.49999 5.0786,52.51464 5.04335,13/08/2011 02:30,5,3
37.912,201108130245,-54.0,-54.0,2.89575,5.0786,52.49999,5.04335,52.51464,ImjW-VUDJ,52.49999 5.0786,52.51464 5.04335,13/08/2011 02:45,5,3
37.912,201108130300,-54.0,-54.0,2.89575,5.0786,52.49999,5.04335,52.51464,ImjW-VUDJ,52.49999 5.0786,52.51464 5.04335,13/08/2011 03:00,5,3
37.912,201108130315,-54.0,-54.0,2.89575,5.0786,52.49999,5.04335,52.51464,ImjW-VUDJ,52.49999 5.0786,52.51464 5.04335,13/08/2011 03:15,5,3
37.912,201108130330,-54.0,-54.0,2.89575,5.0786,52.49999,5.04335,52.51464,ImjW-VUDJ,52.49999 5.0786,52.51464 5.04335,13/08/2011 03:30,5,3
37.912,201108130345,-54.0,-54.0,2.89575,5.0786,52.49999,5.04335,52.51464,ImjW-VUDJ,52.49999 5.0786,52.51464 5.04335,13/08/2011 03:45,5,3
37.912,201108130400,-54.0,-54.0,2.89575,5.0786,52.49999,5.04335,52.51464,ImjW-VUDJ,52.49999 5.0786,52.51464 5.04335,13/08/2011 04:00,5,3
37.912,201108130415,-54.0,-54.0,2.89575,5.0786,52.49999,5.04335,52.51464,ImjW-VUDJ,52.49999 5.0786,52.51464 5.04335,13/08/2011 04:15,5,3
37.912,201108130430,-54.0,-54.0,2.89575,5.0786,52.49999,5.04335,52.51464,ImjW-VUDJ,52.49999 5.0786,52.51464 5.04335,13/08/2011 04:30,5,3
37.912,201108130445,-56.0,-54.0,2.89575,5.0786,52.49999,5.04335,52.51464,ImjW-VUDJ,52.49999 5.0786,52.51464 5.04335,13/08/2011 04:45,5,3
37.912,201108130500,-58.0,-55.0,2.89575,5.0786,52.49999,5.04335,52.51464,ImjW-VUDJ,52.49999 5.0786,52.51464 5.04335,13/08/2011 05:00,5,3
37.912,201108130515,-57.0,-55.0,2.89575,5.0786,52.49999,5.04335,52.51464,ImjW-VUDJ,52.49999 5.0786,52.51464 5.04335,13/08/2011 05:15,5,3
37.912,201108130530,-57.0,-56.0,2.89575,5.0786,52.49999,5.04335,52.51464,ImjW-VUDJ,52.49999 5.0786,52.51464 5.04335,13/08/2011 05:30,5,3
37.912,201108130545,-57.0,-55.0,2.89575,5.0786,52.49999,5.04335,52.51464,ImjW-VUDJ,52.49999 5.0786,52.51464 5.04335,13/08/2011 05:45,5,3
37.912,201108130600,-55.0,-54.0,2.89575,5.0786,52.49999,5.04335,52.51464,ImjW-VUDJ,52.49999 5.0786,52.51464 5.04335,13/08/2011 06:00,5,3
37.912,201108130615,-55.0,-54.0,2.89575,5.0786,52.49999,5.04335,52.51464,ImjW-VUDJ,52.49999 5.0786,52.51464 5.04335,13/08/2011 06:15,5,3
37.912,201108130630,-54.0,-54.0,2.89575,5.0786,52.49999,5.04335,52.51464,ImjW-VUDJ,52.49999 5.0786,52.51464 5.04335,13/08/2011 06:30,5,3
37.912,201108130645,-54.0,-54.0,2.89575,5.0786,52.49999,5.04335,52.51464,ImjW-VUDJ,52.49999 5.0786,52.51464 5.04335,13/08/2011 06:45,5,3
37.912,201108130700,-54.0,-54.0,2.89575,5.0786,52.49999,5.04335,52.51464,ImjW-VUDJ,52.49999 5.0786,52.51464 5.04335,13/08/2011 07:00,5,3
37.912,201108130715,-54.0,-53.0,2.89575,5.0786,52.49999,5.04335,52.51464,ImjW-VUDJ,52.49999 5.0786,52.51464 5.04335,13/08/2011 07:15,5,3
37.912,201108130730,-54.0,-53.0,2.89575,5.0786,52.49999,5.04335,52.51464,ImjW-VUDJ,52.49999 5.0786,52.51464 5.04335,13/08/2011 07:30,5,3
37.912,201108130745,-54.0,-53.0,2.89575,5.0786,52.49999,5.04335,52.51464,ImjW-VUDJ,52.49999 5.0786,52.51464 5.04335,13/08/2011 07:45,5,3
37.912,201108130800,-54.0,-53.0,2.89575,5.0786,52.49999,5.04335,52.51464,ImjW-VUDJ,52.49999 5.0786,52.51464 5.04335,13/08/2011 08:00,5,3
37.912,201108130815,-54.0,-53.0,2.89575,5.0786,52.49999,5.04335,52.51464,ImjW-VUDJ,52.49999 5.0786,52.51464 5.04335,13/08/2011 08:15,5,3
37.912,201108130830,-54.0,-53.0,2.89575,5.0786,52.49999,5.04335,52.51464,ImjW-VUDJ,52.49999 5.0786,52.51464 5.04335,13/08/2011 08:30,5,3
37.912,201108130845,-54.0,-53.0,2.89575,5.0786,52.49999,5.04335,52.51464,ImjW-VUDJ,52.49999 5.0786,52.51464 5.04335,13/08/2011 08:45,5,3
37.912,201108130900,-54.0,-53.0,2.89575,5.0786,52.49999,5.04335,52.51464,ImjW-VUDJ,52.49999 5.0786,52.51464 5.04335,13/08/2011 09:00,5,3
37.912,201108130915,-54.0,-53.0,2.89575,5.0786,52.49999,5.04335,52.51464,ImjW-VUDJ,52.49999 5.0786,52.51464 5.04335,13/08/2011 09:15,5,3
37.912,201108130930,-54.0,-53.0,2.89575,5.0786,52.49999,5.04335,52.51464,ImjW-VUDJ,52.49999 5.0786,52.51464 5.04335,13/08/2011 09:30,5,3
37.912,201108130945,-54.0,-53.0,2.89575,5.0786,52.49999,5.04335,52.51464,ImjW-VUDJ,52.49999 5.0786,52.51464 5.04335,13/08/2011 09:45,5,3
37.912,201108131000,-54.0,-53.0,2.89575,5.0786,52.49999,5.04335,52.51464,ImjW-VUDJ,52.49999 5.0786,52.51464 5.04335,13/08/2011 10:00,5,3
37.912,201108131015,-54.0,-53.0,2.89575,5.0786,52.49999,5.04335,52.51464,ImjW-VUDJ,52.49999 5.0786,52.51464 5.04335,13/08/2011 10:15,5,3
37.912,201108131030,-54.0,-53.0,2.89575,5.0786,52.49999,5.04335,52.51464,ImjW-VUDJ,52.49999 5.0786,52.51464 5.04335,13/08/2011 10:30,5,3
37.912,201108131045,-54.0,-53.0,2.89575,5.0786,52.49999,5.04335,52.51464,ImjW-VUDJ,52.49999 5.0786,52.51464 5.04335,13/08/2011 10:45,5,3
37.912,201108131100,-54.0,-53.0,2.89575,5.0786,52.49999,5.04335,52.51464,ImjW-VUDJ,52.49999 5.0786,52.51464 5.04335,13/08/2011 11:00,5,3
37.912,201108131115,-54.0,-53.0,2.89575,5.0786,52.49999,5.04335,52.51464,ImjW-VUDJ,52.49999 5.0786,52.51464 5.04335,13/08/2011 11:15,5,3
37.912,201108131130,-54.0,-53.0,2.89575,5.0786,52.49999,5.04335,52.51464,ImjW-VUDJ,52.49999 5.0786,52.51464 5.04335,13/08/2011 11:30,5,3
37.912,201108131145,-54.0,-53.0,2.89575,5.0786,52.49999,5.04335,52.51464,ImjW-VUDJ,52.49999 5.0786,52.51464 5.04335,13/08/2011 11:45,5,3
37.912,201108131200,-54.0,-53.0,2.89575,5.0786,52.49999,5.04335,52.51464,ImjW-VUDJ,52.49999 5.0786,52.51464 5.04335,13/08/2011 12:00,5,3
37.912,201108131215,-54.0,-53.0,2.89575,5.0786,52.49999,5.04335,52.51464,ImjW-VUDJ,52.49999 5.0786,52.51464 5.04335,13/08/2011 12:15,5,3
37.912,201108131230,-54.0,-53.0,2.89575,5.0786,52.49999,5.04335,52.51464,ImjW-VUDJ,52.49999 5.0786,52.51464 5.04335,13/08/2011 12:30,5,3
37.912,201108131245,-54.0,-53.0,2.89575,5.0786,52.49999,5.04335,52.51464,ImjW-VUDJ,52.49999 5.0786,52.51464 5.04335,13/08/2011 12:45,5,3
37.912,201108131300,-54.0,-53.0,2.89575,5.0786,52.49999,5.04335,52.51464,ImjW-VUDJ,52.49999 5.0786,52.51464 5.04335,13/08/2011 13:00,5,3
37.912,201108131315,-54.0,-53.0,2.89575,5.0786,52.49999,5.04335,52.51464,ImjW-VUDJ,52.49999 5.0786,52.51464 5.04335,13/08/2011 13:15,5,3
37.912,201108131330,-54.0,-53.0,2.89575,5.0786,52.49999,5.04335,52.51464,ImjW-VUDJ,52.49999 5.0786,52.51464 5.04335,13/08/2011 13:30,5,3
37.912,201108131345,-54.0,-53.0,2.89575,5.0786,52.49999,5.04335,52.51464,ImjW-VUDJ,52.49999 5.0786,52.51464 5.04335,13/08/2011 13:45,5,3
37.912,201108131400,-55.0,-54.0,2.89575,5.0786,52.49999,5.04335,52.51464,ImjW-VUDJ,52.49999 5.0786,52.51464 5.04335,13/08/2011 14:00,5,3
37.912,201108131415,-55.0,-54.0,2.89575,5.0786,52.49999,5.04335,52.51464,ImjW-VUDJ,52.49999 5.0786,52.51464 5.04335,13/08/2011 14:15,5,3
37.912,201108131430,-59.0,-55.0,2.89575,5.0786,52.49999,5.04335,52.51464,ImjW-VUDJ,52.49999 5.0786,52.51464 5.04335,13/08/2011 14:30,5,3
37.912,201108131445,-55.0,-54.0,2.89575,5.0786,52.49999,5.04335,52.51464,ImjW-VUDJ,52.49999 5.0786,52.51464 5.04335,13/08/2011 14:45,5,3
37.912,201108131500,-55.0,-54.0,2.89575,5.0786,52.49999,5.04335,52.51464,ImjW-VUDJ,52.49999 5.0786,52.51464 5.04335,13/08/2011 15:00,5,3
37.912,201108131515,-56.0,-55.0,2.89575,5.0786,52.49999,5.04335,52.51464,ImjW-VUDJ,52.49999 5.0786,52.51464 5.04335,13/08/2011 15:15,5,3
37.912,201108131530,-55.0,-54.0,2.89575,5.0786,52.49999,5.04335,52.51464,ImjW-VUDJ,52.49999 5.0786,52.51464 5.04335,13/08/2011 15:30,5,3
37.912,201108131545,-54.0,-54.0,2.89575,5.0786,52.49999,5.04335,52.51464,ImjW-VUDJ,52.49999 5.0786,52.51464 5.04335,13/08/2011 15:45,5,3
37.912,201108131600,-55.0,-54.0,2.89575,5.0786,52.49999,5.04335,52.51464,ImjW-VUDJ,52.49999 5.0786,52.51464 5.04335,13/08/2011 16:00,5,3
37.912,201108131630,-57.0,-55.0,2.89575,5.0786,52.49999,5.04335,52.51464,ImjW-VUDJ,52.49999 5.0786,52.51464 5.04335,13/08/2011 16:30,5,3
37.912,201108131645,-56.0,-54.0,2.89575,5.0786,52.49999,5.04335,52.51464,ImjW-VUDJ,52.49999 5.0786,52.51464 5.04335,13/08/2011 16:45,5,3
37.912,201108131700,-57.0,-55.0,2.89575,5.0786,52.49999,5.04335,52.51464,ImjW-VUDJ,52.49999 5.0786,52.51464 5.04335,13/08/2011 17:00,5,3
37.912,201108131715,-58.0,-56.0,2.89575,5.0786,52.49999,5.04335,52.51464,ImjW-VUDJ,52.49999 5.0786,52.51464 5.04335,13/08/2011 17:15,5,3
37.912,201108131730,-59.0,-56.0,2.89575,5.0786,52.49999,5.04335,52.51464,ImjW-VUDJ,52.49999 5.0786,52.51464 5.04335,13/08/2011 17:30,5,3
37.912,201108131745,-62.0,-55.0,2.89575,5.0786,52.49999,5.04335,52.51464,ImjW-VUDJ,52.49999 5.0786,52.51464 5.04335,13/08/2011 17:45,5,3
37.912,201108131800,-55.0,-54.0,2.89575,5.0786,52.49999,5.04335,52.51464,ImjW-VUDJ,52.49999 5.0786,52.51464 5.04335,13/08/2011 18:00,5,3
37.912,201108131815,-54.0,-54.0,2.89575,5.0786,52.49999,5.04335,52.51464,ImjW-VUDJ,52.49999 5.0786,52.51464 5.04335,13/08/2011 18:15,5,3
37.912,201108131830,-54.0,-53.0,2.89575,5.0786,52.49999,5.04335,52.51464,ImjW-VUDJ,52.49999 5.0786,52.51464 5.04335,13/08/2011 18:30,5,3
37.912,201108131845,-54.0,-54.0,2.89575,5.0786,52.49999,5.04335,52.51464,ImjW-VUDJ,52.49999 5.0786,52.51464 5.04335,13/08/2011 18:45,5,3
37.912,201108131900,-54.0,-53.0,2.89575,5.0786,52.49999,5.04335,52.51464,ImjW-VUDJ,52.49999 5.0786,52.51464 5.04335,13/08/2011 19:00,5,3
37.912,201108131915,-54.0,-54.0,2.89575,5.0786,52.49999,5.04335,52.51464,ImjW-VUDJ,52.49999 5.0786,52.51464 5.04335,13/08/2011 19:15,5,3
37.912,201108131930,-54.0,-54.0,2.89575,5.0786,52.49999,5.04335,52.51464,ImjW-VUDJ,52.49999 5.0786,52.51464 5.04335,13/08/2011 19:30,5,3
37.912,201108131945,-54.0,-54.0,2.89575,5.0786,52.49999,5.04335,52.51464,ImjW-VUDJ,52.49999 5.0786,52.51464 5.04335,13/08/2011 19:45,5,3
37.912,201108132000,-54.0,-54.0,2.89575,5.0786,52.49999,5.04335,52.51464,ImjW-VUDJ,52.49999 5.0786,52.51464 5.04335,13/08/2011 20:00,5,3
37.912,201108132015,-54.0,-53.0,2.89575,5.0786,52.49999,5.04335,52.51464,ImjW-VUDJ,52.49999 5.0786,52.51464 5.04335,13/08/2011 20:15,5,3
37.912,201108132030,-54.0,-53.0,2.89575,5.0786,52.49999,5.04335,52.51464,ImjW-VUDJ,52.49999 5.0786,52.51464 5.04335,13/08/2011 20:30,5,3
37.912,201108132045,-55.0,-54.0,2.89575,5.0786,52.49999,5.04335,52.51464,ImjW-VUDJ,52.49999 5.0786,52.51464 5.04335,13/08/2011 20:45,5,3
37.912,201108132100,-55.0,-54.0,2.89575,5.0786,52.49999,5.04335,52.51464,ImjW-VUDJ,52.49999 5.0786,52.51464 5.04335,13/08/2011 21:00,5,3
37.912,201108132115,-55.0,-54.0,2.89575,5.0786,52.49999,5.04335,52.51464,ImjW-VUDJ,52.49999 5.0786,52.51464 5.04335,13/08/2011 21:15,5,3
37.912,201108132130,-55.0,-54.0,2.89575,5.0786,52.49999,5.04335,52.51464,ImjW-VUDJ,52.49999 5.0786,52.51464 5.04335,13/08/2011 21:30,5,3
37.912,201108132145,-55.0,-54.0,2.89575,5.0786,52.49999,5.04335,52.51464,ImjW-VUDJ,52.49999 5.0786,52.51464 5.04335,13/08/2011 21:45,5,3
37.912,201108132200,-55.0,-54.0,2.89575,5.0786,52.49999,5.04335,52.51464,ImjW-VUDJ,52.49999 5.0786,52.51464 5.04335,13/08/2011 22:00,5,3
37.912,201108132215,-55.0,-54.0,2.89575,5.0786,52.49999,5.04335,52.51464,ImjW-VUDJ,52.49999 5.0786,52.51464 5.04335,13/08/2011 22:15,5,3
37.912,201108132230,-55.0,-54.0,2.89575,5.0786,52.49999,5.04335,52.51464,ImjW-VUDJ,52.49999 5.0786,52.51464 5.04335,13/08/2011 22:30,5,3
37.912,201108132245,-54.0,-54.0,2.89575,5.0786,52.49999,5.04335,52.51464,ImjW-VUDJ,52.49999 5.0786,52.51464 5.04335,13/08/2011 22:45,5,3
37.912,201108132300,-54.0,-54.0,2.89575,5.0786,52.49999,5.04335,52.51464,ImjW-VUDJ,52.49999 5.0786,52.51464 5.04335,13/08/2011 23:00,5,3
